# Object Export From Tinkercad Server 2015

mtllib obj.mtl

o obj_0
v -15.705 		-26.004 		14.154
v -13.221 		-8.726 		5.846
v -15.591 		-26.797 		8.577
v -15.591 		-26.797 		11.423
v -21.548 		-19.923 		18.413
v -13.221 		-25.274 		14.154
v -18.409 		-26.797 		11.423
v -18.409 		-26.797 		8.577
v -24.557 		-17 		16.549
v -15.591 		-7.203 		11.423
v -15.591 		-7.203 		8.577
v -13.861 		-23.875 		16.549
v -18.409 		-7.203 		8.577
v -18.409 		-7.203 		11.423
v -12.888 		-26.004 		11.423
v -19.817 		-17 		0.405
v -14.754 		-12.082 		18.413
v -9.348 		-12.082 		5.846
v -19.703 		-16.206 		0.405
v -19.37 		-15.477 		0.405
v -13.221 		-25.274 		5.846
v -17 		-17 		0
v -19.703 		-17.794 		0.405
v -10.642 		-21.086 		16.549
v -18.295 		-7.996 		14.154
v -12.888 		-26.004 		8.577
v -24.251 		-19.129 		16.549
v -16.599 		-14.211 		0.405
v -17.769 		-11.649 		18.413
v -19.246 		-12.082 		18.413
v -18.17 		-14.437 		0.405
v -12.051 		-11.288 		3.451
v -18.076 		-9.519 		16.549
v -20.54 		-21.086 		18.413
v -20.139 		-10.125 		16.549
v -13.861 		-10.125 		3.451
v -16.231 		-11.649 		18.413
v -7.904 		-17 		5.846
v -19.246 		-21.918 		18.413
v -21.949 		-11.288 		16.549
v -15.924 		-9.519 		3.451
v -12.051 		-11.288 		16.549
v -17.769 		-22.351 		18.413
v -11.043 		-23.875 		5.846
v -13.861 		-10.125 		16.549
v -14.754 		-12.082 		1.587
v -9.348 		-21.918 		5.846
v -15.924 		-9.519 		16.549
v -23.358 		-21.086 		16.549
v -16.231 		-11.649 		1.587
v -8.272 		-19.563 		5.846
v -21.949 		-22.712 		16.549
v -21.112 		-7.996 		11.423
v -23.358 		-12.914 		3.451
v -21.112 		-7.996 		8.577
v -20.139 		-23.875 		16.549
v -24.251 		-14.871 		3.451
v -9.749 		-14.871 		3.451
v -14.297 		-16.206 		19.595
v -18.076 		-24.481 		16.549
v -20.54 		-12.914 		1.587
v -14.63 		-15.477 		19.595
v -10.642 		-12.914 		3.451
v -15.155 		-14.871 		19.595
v -20.779 		-8.726 		14.154
v -21.548 		-14.077 		1.587
v -15.83 		-14.437 		19.595
v -22.957 		-10.125 		14.154
v -11.813 		-15.477 		1.587
v -11.813 		-15.477 		18.413
v -12.452 		-14.077 		1.587
v -12.452 		-14.077 		18.413
v -9.749 		-19.129 		3.451
v -13.46 		-12.914 		18.413
v -19.37 		-18.523 		0.405
v -16.599 		-14.211 		19.595
v -13.46 		-12.914 		1.587
v -17.401 		-14.211 		19.595
v -18.17 		-14.437 		19.595
v -18.845 		-19.129 		0.405
v -18.845 		-14.871 		19.595
v -7.503 		-14.211 		11.423
v -19.37 		-15.477 		19.595
v -14.297 		-16.206 		0.405
v -19.703 		-16.206 		19.595
v -18.17 		-19.563 		0.405
v -23.482 		-9.519 		11.423
v -7.503 		-14.211 		8.577
v -17.401 		-19.789 		0.405
v -9.749 		-14.871 		16.549
v -14.63 		-15.477 		0.405
v -9.443 		-17 		3.451
v -10.642 		-12.914 		16.549
v -16.599 		-19.789 		0.405
v -23.482 		-9.519 		8.577
v -15.155 		-14.871 		0.405
v -15.705 		-7.996 		14.154
v -15.83 		-14.437 		0.405
v -24.652 		-12.082 		14.154
v -12.888 		-7.996 		11.423
v -24.557 		-17 		3.451
v -24.251 		-19.129 		3.451
v -25.728 		-14.437 		14.154
v -11.813 		-18.523 		18.413
v -12.888 		-7.996 		8.577
v -20.54 		-12.914 		18.413
v -11.594 		-17 		18.413
v -25.327 		-11.649 		11.423
v -21.548 		-14.077 		18.413
v -22.406 		-17 		1.587
v -22.187 		-18.523 		1.587
v -8.272 		-14.437 		14.154
v -26.497 		-14.211 		11.423
v -7.904 		-17 		14.154
v -22.187 		-15.477 		18.413
v -9.749 		-19.129 		16.549
v -7.503 		-19.789 		11.423
v -9.348 		-12.082 		14.154
v -9.443 		-17 		16.549
v -21.548 		-19.923 		1.587
v -7.102 		-17 		11.423
v -25.327 		-11.649 		8.577
v -26.497 		-14.211 		8.577
v -11.043 		-10.125 		14.154
v -23.358 		-12.914 		16.549
v -24.251 		-14.871 		16.549
v -7.503 		-19.789 		8.577
v -13.221 		-8.726 		14.154
v -7.102 		-17 		8.577
v -22.187 		-15.477 		1.587
v -11.813 		-18.523 		1.587
v -11.594 		-17 		1.587
v -15.83 		-19.563 		19.595
v -15.155 		-19.129 		19.595
v -14.63 		-18.523 		19.595
v -11.043 		-23.875 		14.154
v -14.297 		-17.794 		19.595
v -14.183 		-17 		19.595
v -9.348 		-21.918 		14.154
v -24.652 		-12.082 		5.846
v -23.358 		-21.086 		3.451
v -19.817 		-17 		19.595
v -19.703 		-17.794 		19.595
v -17 		-17 		20
v -8.272 		-19.563 		14.154
v -25.728 		-14.437 		5.846
v -12.452 		-19.923 		1.587
v -21.949 		-22.712 		3.451
v -12.452 		-19.923 		18.413
v -15.83 		-19.563 		0.405
v -20.139 		-23.875 		3.451
v -15.155 		-19.129 		0.405
v -18.076 		-24.481 		3.451
v -14.63 		-18.523 		0.405
v -14.297 		-17.794 		0.405
v -22.957 		-23.875 		14.154
v -10.518 		-24.481 		11.423
v -20.54 		-21.086 		1.587
v -14.183 		-17 		0.405
v -8.673 		-22.351 		11.423
v -19.246 		-21.918 		1.587
v -10.518 		-24.481 		8.577
v -16.231 		-22.351 		18.413
v -8.673 		-22.351 		8.577
v -14.754 		-21.918 		18.413
v -17.769 		-22.351 		1.587
v -23.482 		-24.481 		11.423
v -13.46 		-21.086 		18.413
v -14.754 		-21.918 		18.413
v -14.754 		-21.918 		18.413
v -18.295 		-7.996 		5.846
v -14.754 		-21.918 		18.413
v -15.924 		-24.481 		16.549
v -19.37 		-18.523 		19.595
v -18.845 		-19.129 		19.595
v -18.17 		-19.563 		19.595
v -20.779 		-8.726 		5.846
v -15.924 		-24.481 		3.451
v -17.401 		-19.789 		19.595
v -13.861 		-23.875 		3.451
v -12.051 		-22.712 		16.549
v -22.957 		-10.125 		5.846
v -16.599 		-19.789 		19.595
v -23.482 		-24.481 		8.577
v -12.051 		-22.712 		3.451
v -20.779 		-25.274 		14.154
v -18.295 		-26.004 		14.154
v -10.642 		-21.086 		3.451
v -21.112 		-26.004 		11.423
v -8.673 		-11.649 		11.423
v -16.231 		-22.351 		1.587
v -14.754 		-21.918 		1.587
v -10.518 		-9.519 		11.423
v -22.406 		-17 		18.413
v -22.187 		-18.523 		18.413
v -20.779 		-25.274 		5.846
v -21.112 		-26.004 		8.577
v -13.46 		-21.086 		1.587
v -18.295 		-26.004 		5.846
v -18.076 		-9.519 		3.451
v -20.139 		-10.125 		3.451
v -8.673 		-11.649 		8.577
v -10.518 		-9.519 		8.577
v -21.949 		-11.288 		3.451
v -25.728 		-19.563 		14.154
v -25.728 		-19.563 		5.846
v -26.096 		-17 		14.154
v -26.096 		-17 		5.846
v -24.652 		-21.918 		14.154
v -24.652 		-21.918 		5.846
v -17.769 		-11.649 		1.587
v -19.246 		-12.082 		1.587
v -15.705 		-7.996 		5.846
v -26.898 		-17 		11.423
v -26.497 		-19.789 		11.423
v -15.705 		-26.004 		5.846
v -8.272 		-14.437 		5.846
v -25.327 		-22.351 		11.423
v -11.043 		-10.125 		5.846
v -17.401 		-14.211 		0.405
v -26.898 		-17 		8.577
v -26.497 		-19.789 		8.577
v -25.327 		-22.351 		8.577
v -18.845 		-14.871 		0.405
v -22.957 		-23.875 		5.846
# 225 vertices

g group_0_40919

usemtl color_40919
s 0

f 3 	4 	7
f 7 	8 	3
f 10 	11 	13
f 7 	4 	1
f 13 	14 	10
f 15 	1 	4
f 6 	15 	157
f 16 	22 	23
f 157 	15 	26
f 6 	157 	136
f 4 	3 	26
f 4 	26 	15
f 3 	21 	26
f 33 	29 	48
f 33 	35 	29
f 29 	35 	30
f 22 	84 	159
f 36 	41 	2
f 22 	91 	84
f 35 	40 	30
f 46 	50 	36
f 36 	50 	41
f 22 	98 	96
f 39 	60 	43
f 22 	28 	98
f 45 	74 	42
f 220 	28 	22
f 32 	46 	36
f 22 	31 	220
f 43 	183 	179
f 224 	31 	22
f 74 	45 	17
f 32 	77 	46
f 17 	48 	37
f 22 	20 	224
f 45 	48 	17
f 25 	97 	14
f 10 	14 	97
f 29 	37 	48
f 25 	53 	65
f 14 	53 	25
f 5 	52 	34
f 14 	13 	55
f 14 	55 	53
f 50 	200 	41
f 5 	49 	52
f 34 	52 	56
f 45 	97 	48
f 44 	21 	185
f 39 	34 	56
f 60 	39 	56
f 33 	97 	25
f 25 	65 	33
f 47 	73 	51
f 33 	65 	35
f 63 	32 	18
f 35 	68 	40
f 49 	156 	52
f 38 	92 	58
f 65 	68 	35
f 92 	69 	58
f 58 	69 	71
f 40 	68 	99
f 59 	72 	62
f 22 	19 	20
f 60 	56 	187
f 70 	72 	59
f 64 	67 	144
f 72 	74 	62
f 22 	16 	19
f 58 	71 	63
f 63 	71 	77
f 23 	22 	75
f 62 	74 	64
f 67 	64 	17
f 80 	158 	120
f 63 	77 	32
f 74 	17 	64
f 17 	37 	67
f 75 	80 	120
f 132 	84 	69
f 65 	53 	87
f 53 	55 	87
f 88 	190 	82
f 67 	37 	76
f 65 	87 	68
f 37 	29 	78
f 37 	78 	76
f 69 	84 	91
f 51 	92 	38
f 70 	93 	72
f 78 	30 	79
f 87 	55 	95
f 51 	73 	92
f 90 	93 	70
f 71 	69 	91
f 29 	30 	78
f 55 	182 	95
f 71 	96 	77
f 72 	42 	74
f 80 	75 	22
f 42 	72 	93
f 22 	86 	80
f 71 	91 	96
f 106 	81 	79
f 96 	98 	77
f 86 	22 	89
f 94 	89 	22
f 46 	77 	98
f 46 	28 	50
f 83 	115 	85
f 98 	28 	46
f 105 	10 	100
f 30 	106 	79
f 100 	203 	105
f 30 	40 	106
f 10 	105 	11
f 109 	83 	81
f 105 	213 	11
f 91 	22 	96
f 68 	108 	99
f 111 	101 	110
f 87 	108 	68
f 106 	109 	81
f 108 	113 	99
f 109 	115 	83
f 122 	113 	108
f 24 	116 	149
f 103 	99 	113
f 90 	112 	118
f 101 	111 	102
f 104 	116 	119
f 111 	120 	102
f 112 	190 	118
f 108 	87 	122
f 87 	95 	122
f 112 	82 	190
f 113 	122 	123
f 118 	93 	90
f 104 	119 	107
f 106 	40 	125
f 114 	121 	82
f 107 	90 	70
f 124 	42 	93
f 121 	129 	88
f 121 	88 	82
f 119 	90 	107
f 106 	125 	109
f 114 	82 	112
f 124 	93 	118
f 110 	101 	57
f 125 	126 	109
f 42 	124 	128
f 127 	129 	121
f 127 	121 	117
f 125 	103 	126
f 54 	130 	57
f 66 	130 	54
f 109 	126 	115
f 57 	130 	110
f 127 	51 	38
f 90 	119 	112
f 126 	9 	115
f 23 	111 	110
f 127 	38 	129
f 73 	132 	92
f 73 	131 	132
f 1 	6 	173
f 92 	132 	69
f 61 	20 	66
f 75 	111 	23
f 99 	125 	40
f 111 	75 	120
f 19 	130 	66
f 144 	137 	138
f 20 	19 	66
f 12 	6 	136
f 59 	144 	138
f 125 	99 	103
f 19 	16 	130
f 131 	155 	159
f 62 	144 	59
f 131 	159 	132
f 110 	130 	16
f 142 	143 	144
f 132 	159 	84
f 122 	146 	123
f 145 	116 	24
f 140 	146 	122
f 24 	139 	145
f 146 	208 	123
f 179 	144 	176
f 116 	145 	114
f 120 	158 	141
f 149 	135 	134
f 141 	158 	148
f 121 	114 	145
f 221 	123 	208
f 22 	150 	94
f 116 	114 	119
f 133 	134 	144
f 135 	149 	104
f 134 	135 	144
f 146 	101 	208
f 112 	119 	114
f 135 	137 	144
f 57 	101 	146
f 149 	116 	104
f 161 	166 	151
f 135 	104 	137
f 22 	154 	152
f 151 	166 	153
f 136 	157 	160
f 139 	160 	117
f 137 	107 	138
f 64 	144 	62
f 137 	104 	107
f 139 	117 	145
f 155 	131 	147
f 141 	102 	120
f 138 	107 	70
f 67 	76 	144
f 145 	117 	121
f 138 	70 	59
f 155 	147 	154
f 76 	78 	144
f 49 	209 	156
f 78 	79 	144
f 52 	156 	186
f 139 	136 	160
f 79 	81 	144
f 81 	83 	144
f 148 	161 	151
f 26 	162 	157
f 43 	163 	183
f 56 	52 	186
f 83 	85 	144
f 162 	164 	160
f 162 	160 	157
f 158 	161 	148
f 117 	160 	127
f 164 	127 	160
f 85 	142 	144
f 26 	44 	162
f 162 	44 	47
f 22 	152 	150
f 162 	47 	164
f 133 	165 	168
f 142 	195 	143
f 169 	165 	170
f 127 	164 	51
f 170 	165 	163
f 11 	213 	13
f 164 	47 	51
f 169 	172 	165
f 165 	172 	168
f 171 	13 	213
f 154 	22 	155
f 169 	170 	172
f 173 	60 	187
f 22 	159 	155
f 133 	168 	134
f 42 	128 	45
f 149 	134 	168
f 1 	15 	6
f 60 	173 	163
f 43 	60 	163
f 128 	97 	45
f 163 	173 	12
f 143 	174 	144
f 200 	171 	41
f 213 	41 	171
f 97 	33 	48
f 174 	175 	144
f 13 	171 	177
f 175 	176 	144
f 173 	6 	12
f 170 	163 	12
f 177 	55 	13
f 167 	189 	156
f 179 	183 	144
f 172 	181 	168
f 184 	189 	167
f 144 	183 	133
f 172 	170 	12
f 181 	172 	12
f 55 	177 	182
f 118 	193 	124
f 168 	181 	24
f 181 	12 	136
f 182 	140 	95
f 185 	21 	180
f 181 	136 	139
f 182 	54 	140
f 181 	139 	24
f 193 	100 	124
f 140 	122 	95
f 168 	24 	149
f 174 	34 	175
f 128 	10 	97
f 176 	175 	39
f 188 	47 	44
f 186 	187 	56
f 80 	86 	158
f 1 	173 	187
f 44 	185 	188
f 34 	39 	175
f 158 	86 	161
f 176 	39 	43
f 47 	188 	73
f 156 	189 	186
f 161 	89 	166
f 176 	43 	179
f 178 	153 	191
f 166 	191 	153
f 177 	204 	182
f 161 	86 	89
f 186 	189 	7
f 183 	165 	133
f 193 	118 	190
f 180 	178 	192
f 166 	89 	191
f 94 	191 	89
f 186 	7 	187
f 183 	163 	165
f 204 	54 	182
f 150 	191 	94
f 1 	187 	7
f 178 	191 	192
f 142 	194 	195
f 140 	54 	57
f 180 	192 	198
f 184 	197 	189
f 128 	124 	100
f 85 	194 	142
f 140 	57 	146
f 7 	189 	8
f 197 	8 	189
f 115 	194 	85
f 100 	10 	128
f 115 	9 	194
f 196 	197 	184
f 180 	198 	185
f 88 	202 	190
f 171 	201 	177
f 197 	199 	8
f 193 	190 	203
f 202 	203 	190
f 197 	196 	199
f 185 	147 	188
f 143 	5 	174
f 203 	100 	193
f 200 	201 	171
f 196 	153 	199
f 185 	198 	147
f 201 	204 	177
f 195 	5 	143
f 188 	131 	73
f 174 	5 	34
f 9 	205 	27
f 188 	147 	131
f 207 	205 	9
f 208 	206 	221
f 205 	209 	27
f 194 	27 	195
f 205 	218 	209
f 27 	194 	9
f 215 	218 	205
f 27 	209 	49
f 191 	150 	192
f 195 	49 	5
f 200 	50 	211
f 223 	225 	184
f 192 	152 	198
f 27 	49 	195
f 126 	103 	207
f 201 	200 	212
f 211 	212 	200
f 150 	152 	192
f 207 	9 	126
f 212 	61 	201
f 2 	213 	105
f 198 	152 	154
f 207 	214 	215
f 208 	101 	102
f 198 	154 	147
f 2 	41 	213
f 8 	199 	3
f 214 	221 	215
f 201 	61 	204
f 102 	206 	208
f 216 	3 	199
f 129 	217 	88
f 204 	66 	54
f 61 	66 	204
f 21 	3 	216
f 50 	28 	211
f 207 	215 	205
f 206 	141 	210
f 129 	38 	217
f 217 	18 	88
f 212 	211 	31
f 38 	58 	217
f 217 	63 	18
f 44 	26 	21
f 217 	58 	63
f 218 	167 	209
f 216 	199 	178
f 153 	178 	199
f 18 	202 	88
f 180 	21 	216
f 216 	178 	180
f 219 	203 	202
f 209 	167 	156
f 214 	207 	103
f 211 	28 	220
f 219 	202 	18
f 103 	113 	214
f 219 	2 	203
f 220 	31 	211
f 18 	32 	219
f 221 	222 	215
f 219 	36 	2
f 32 	36 	219
f 222 	223 	218
f 222 	218 	215
f 224 	61 	212
f 203 	2 	105
f 167 	218 	184
f 223 	184 	218
f 212 	31 	224
f 221 	214 	123
f 113 	123 	214
f 224 	20 	61
f 221 	206 	222
f 206 	210 	222
f 222 	210 	223
f 223 	210 	225
f 196 	184 	225
f 206 	102 	141
f 210 	141 	148
f 225 	210 	148
f 151 	196 	225
f 148 	151 	225
f 151 	153 	196
f 23 	110 	16
# 446 faces

 #end of obj_0

