# Object Export From Tinkercad Server 2015

mtllib obj.mtl

o obj_0
v 52.367 		64.867 		20
v 52.367 		65.133 		20
v 70.77 		71.537 		0
v 70.542 		71.426 		0
v 52.367 		64.867 		0
v 71.045 		71.57 		0
v 52.367 		65.133 		0
v 62.867 		54.367 		20
v 63.133 		54.367 		20
v 70.054 		71.202 		0
v 69.782 		71.226 		0
v 70.058 		71.203 		0.297
v 70.058 		71.203 		0
v 70.119 		71.22 		0
v 63.133 		54.367 		0
v 62.867 		54.367 		0
v 68.763 		73.745 		0
v 68.887 		73.754 		0
v 68.621 		73.735 		0
v 60.263 		66.141 		14.233
v 66.763 		74.682 		0
v 66.818 		74.422 		0
v 66.781 		74.158 		0
v 66.767 		74.109 		0
v 66.705 		73.898 		0
v 65.647 		75.045 		0
v 65.778 		75.098 		0
v 65.893 		75.144 		0
v 66.159 		75.154 		0
v 66.412 		75.071 		0
v 66.622 		74.908 		0
v 70.317 		71.273 		0
v 71.68 		71.142 		0
v 71.754 		70.887 		0
v 71.735 		70.621 		0
v 71.68 		70.498 		0
v 70.781 		71.543 		0
v 71.524 		71.357 		0
v 71.316 		71.497 		0
v 71.303 		71.506 		0
v 71.078 		69.792 		0
v 71.227 		70.021 		0
v 71.442 		70.187 		0
v 71.627 		70.378 		0
v 68.37 		73.619 		0
v 68.378 		73.627 		0
v 68.021 		73.227 		0
v 68.187 		73.442 		0
v 67.795 		73.081 		0
v 67.848 		73.115 		0
v 67.792 		73.078 		0
v 69.142 		73.68 		0
v 69.357 		73.524 		0
v 69.506 		73.303 		0
v 69.57 		73.045 		0
v 69.543 		72.781 		0
v 69.226 		71.782 		0
v 69.202 		72.054 		0
v 69.273 		72.317 		0
v 69.426 		72.542 		0
v 69.397 		72.499 		0
v 66.719 		73.625 		0
v 67.012 		73.174 		0
v 67.255 		73.05 		0
v 67.526 		73.017 		0
v 56.466 		58.659 		20
v 56.218 		58.774 		20
v 56.659 		58.466 		20
v 66.815 		73.4 		0
v 55.458 		58.574 		20
v 66.826 		73.374 		0
v 66.935 		73.257 		0
v 56.774 		58.218 		20
v 69.534 		71.341 		0
v 69.341 		71.534 		0
v 56.798 		57.946 		20
v 55.946 		58.798 		20
v 65.536 		69.632 		0
v 55.683 		58.727 		20
v 71.692 		68.716 		0
v 71.898 		68.705 		0
v 55.881 		58.78 		20
v 55.942 		58.797 		20
v 73.071 		68.412 		0
v 73.154 		68.159 		0
v 73.144 		67.893 		0
v 73.045 		67.647 		0
v 56.603 		57.501 		20
v 72.158 		68.781 		0
v 56.574 		57.458 		20
v 72.298 		68.801 		0
v 72.422 		68.818 		0
v 72.682 		68.763 		0
v 72.908 		68.622 		0
v 71.625 		68.719 		0
v 71.374 		68.826 		0
v 56.727 		57.683 		20
v 71.174 		69.012 		0
v 71.05 		69.255 		0
v 71.017 		69.526 		0
v 54.32 		58.858 		20
v 54.392 		58.758 		20
v 72.867 		67.449 		0
v 72.802 		67.415 		0
v 54.476 		58.643 		20
v 72.164 		67.061 		0
v 72.151 		67.04 		0
v 55.219 		58.457 		20
v 72.023 		66.827 		0
v 54.955 		58.43 		20
v 55.23 		58.463 		20
v 72.632 		67.324 		0
v 72.376 		67.233 		0
v 54.697 		58.494 		20
v 54.549 		58.594 		20
v 72.146 		66.051 		0
v 72.352 		65.872 		0
v 72.415 		65.848 		0
v 72.607 		65.774 		0
v 54.265 		59.379 		20
v 54.251 		59.175 		20
v 72.879 		65.766 		0
v 73.141 		65.72 		0
v 73.371 		65.587 		0
v 54.246 		59.113 		20
v 72.014 		66.289 		0
v 71.971 		66.559 		0
v 72 		66.378 		0
v 69.632 		65.536 		0
v 53.198 		61.312 		20
v 65.809 		66.027 		0
v 53.092 		61.378 		20
v 57.237 		56.255 		20
v 65.837 		65.975 		0
v 65.845 		65.93 		0
v 65.839 		65.962 		0
v 65.837 		65.974 		0
v 57.113 		56.246 		20
v 56.858 		56.32 		20
v 56.643 		56.476 		20
v 56.888 		56.311 		20
v 64.559 		73.971 		0
v 65.444 		74.856 		0
v 65.449 		74.867 		0
v 64.827 		74.023 		0
v 65.061 		74.164 		0
v 56.457 		57.219 		20
v 56.43 		56.955 		20
v 56.494 		56.697 		20
v 65.526 		74.936 		0
v 65.103 		74.216 		0
v 65.233 		74.376 		0
v 65.324 		74.632 		0
v 64.501 		73.98 		0
v 64.051 		74.146 		0
v 64.289 		74.014 		0
v 63.872 		74.352 		0
v 63.774 		74.607 		0
v 63.587 		75.371 		0
v 63.72 		75.141 		0
v 63.766 		74.879 		0
v 63.43 		75.502 		0
v 62.785 		75.603 		0
v 62.867 		75.633 		0
v 63.133 		75.633 		0
v 63.383 		75.542 		0
v 62.617 		75.542 		0
v 61.441 		73.971 		0
v 62.278 		75.129 		0
v 62.28 		75.141 		0
v 62.413 		75.371 		0
v 62.226 		74.607 		0
v 62.234 		74.879 		0
v 61.711 		74.014 		0
v 61.949 		74.146 		0
v 62.13 		74.356 		0
v 62.152 		74.415 		0
v 62.128 		74.352 		0
v 61.504 		73.981 		0
v 60.767 		74.376 		0
v 60.939 		74.164 		0
v 60.693 		74.584 		0
v 61.173 		74.023 		0
v 59.588 		75.071 		0
v 59.841 		75.154 		0
v 60.107 		75.144 		0
v 60.353 		75.045 		0
v 60.551 		74.867 		0
v 60.676 		74.632 		0
v 57.379 		73.735 		0
v 59.295 		73.898 		0
v 59.237 		74.682 		0
v 59.312 		74.802 		0
v 59.184 		74.41 		0
v 59.182 		74.422 		0
v 59.219 		74.158 		0
v 59.378 		74.908 		0
v 58.988 		73.174 		0
v 58.208 		73.078 		0
v 58.474 		73.017 		0
v 59.174 		73.374 		0
v 58.745 		73.05 		0
v 58.638 		73.037 		0
v 65.035 		67.149 		10.925
v 57.979 		73.227 		0
v 57.622 		73.627 		0
v 57.813 		73.442 		0
v 59.281 		73.625 		0
v 59.286 		73.719 		0
v 61.762 		67.726 		0
v 61.756 		67.722 		0
v 63.722 		67.909 		0
v 62.797 		67.986 		0
v 63.736 		67.908 		0
v 61.813 		67.752 		0
v 61.795 		67.747 		0
v 62.788 		67.987 		0
v 62.752 		67.99 		0
v 62.722 		67.982 		0
v 61.838 		67.758 		0
v 63.778 		67.89 		0
v 63.763 		67.896 		0
v 65.389 		66.803 		0
v 65.367 		66.843 		0
v 64.622 		67.52 		0
v 65.035 		67.149 		0
v 65.001 		67.18 		0
v 64.641 		67.511 		0
v 65.36 		66.849 		0
v 64.674 		67.481 		0
v 64.671 		67.484 		0
v 60.919 		67.144 		0
v 60.389 		66.463 		0
v 60.968 		67.207 		0
v 60.362 		66.428 		0
v 60.352 		66.4 		0
v 60.263 		66.141 		0
v 61.006 		67.232 		0
v 60.972 		67.209 		0
v 60.263 		66.14 		0
v 60.055 		65.536 		0
v 57.113 		73.754 		0
v 57.175 		73.749 		0
v 56.494 		73.303 		0
v 56.594 		73.451 		0
v 56.797 		72.058 		0
v 56.774 		71.782 		0
v 56.798 		72.054 		0
v 56.78 		71.849 		0
v 56.574 		72.542 		0
v 56.463 		72.77 		0
v 56.78 		72.119 		0
v 56.727 		72.317 		0
v 56.457 		72.781 		0
v 56.43 		73.045 		0
v 56.643 		73.524 		0
v 56.858 		73.68 		0
v 56.659 		71.534 		0
v 56.466 		71.341 		0
v 56.218 		71.226 		0
v 55.458 		71.426 		0
v 55.683 		71.273 		0
v 55.946 		71.202 		0
v 56.18 		71.223 		0
v 54.296 		71.058 		0
v 54.32 		71.142 		0
v 54.246 		70.887 		0
v 54.476 		71.357 		0
v 54.697 		71.506 		0
v 54.757 		71.521 		0
v 54.955 		71.57 		0
v 55.219 		71.543 		0
v 54.922 		69.792 		0
v 54.919 		69.795 		0
v 54.885 		69.848 		0
v 54.381 		70.37 		0
v 54.373 		70.378 		0
v 54.773 		70.021 		0
v 54.558 		70.187 		0
v 54.265 		70.621 		0
v 54.95 		69.255 		0
v 54.983 		69.526 		0
v 54.375 		68.719 		0
v 54.626 		68.826 		0
v 54.826 		69.012 		0
v 54.769 		68.959 		0
v 54.115 		68.705 		0
v 54.094 		68.707 		0
v 54.102 		68.705 		0
v 53.318 		68.763 		0
v 53.348 		68.769 		0
v 53.578 		68.818 		0
v 53.842 		68.781 		0
v 53.977 		66.827 		0
v 53.836 		67.061 		0
v 53.854 		66.051 		0
v 53.648 		65.872 		0
v 53.393 		65.774 		0
v 53.368 		67.324 		0
v 53.784 		67.103 		0
v 53.624 		67.233 		0
v 54.029 		66.559 		0
v 53.986 		66.289 		0
v 53.992 		66.327 		0
v 53.092 		68.622 		0
v 53.145 		68.655 		0
v 52.629 		65.587 		0
v 52.859 		65.72 		0
v 53.121 		65.766 		0
v 63.063 		62.036 		14.048
v 52.856 		67.893 		0
v 52.85 		68.072 		0
v 53.144 		67.444 		0
v 53.133 		67.449 		0
v 52.955 		67.647 		0
v 52.846 		68.159 		0
v 52.929 		68.412 		0
v 73.371 		64.413 		0
v 73.141 		64.28 		0
v 72.418 		64.153 		0
v 72.415 		64.152 		0
v 72.352 		64.128 		0
v 72.014 		63.711 		0
v 72.146 		63.949 		0
v 73.633 		64.867 		0
v 73.542 		64.617 		0
v 73.542 		65.383 		0
v 73.633 		65.133 		0
v 72.164 		62.939 		0
v 72.023 		63.173 		0
v 71.971 		63.441 		0
v 72.632 		62.676 		0
v 72.856 		62.556 		0
v 72.376 		62.767 		0
v 72.867 		62.551 		0
v 73.045 		62.353 		0
v 73.098 		62.222 		0
v 73.144 		62.107 		0
v 73.154 		61.841 		0
v 73.071 		61.588 		0
v 72.438 		62.745 		0
v 65.816 		63.986 		0
v 65.837 		64.026 		0
v 65.839 		64.038 		0
v 65.993 		64.956 		0
v 66 		65 		0
v 65.994 		65.037 		0
v 72.109 		61.233 		0
v 71.898 		61.295 		0
v 72.682 		61.237 		0
v 72.422 		61.182 		0
v 72.158 		61.219 		0
v 72.908 		61.378 		0
v 71.174 		60.988 		0
v 71.017 		60.474 		0
v 71.05 		60.745 		0
v 71.619 		59.63 		0
v 71.627 		59.622 		0
v 71.227 		59.979 		0
v 71.442 		59.813 		0
v 71.081 		60.205 		0
v 71.115 		60.152 		0
v 71.078 		60.208 		0
v 71.374 		61.174 		0
v 71.625 		61.281 		0
v 71.704 		58.942 		0
v 71.68 		58.858 		0
v 70.781 		58.457 		0
v 70.542 		58.574 		0
v 70.317 		58.727 		0
v 71.045 		58.43 		0
v 70.054 		58.798 		0
v 69.782 		58.774 		0
v 71.735 		59.379 		0
v 71.754 		59.113 		0
v 71.524 		58.643 		0
v 71.303 		58.494 		0
v 71.243 		58.479 		0
v 69.202 		57.946 		0
v 69.226 		58.218 		0
v 69.534 		58.659 		0
v 69.341 		58.466 		0
v 69.273 		57.683 		0
v 69.352 		57.567 		0
v 69.426 		57.458 		0
v 69.537 		57.23 		0
v 67.792 		56.922 		0
v 68.021 		56.773 		0
v 67.795 		73.081 		0.297
v 69.543 		57.219 		0
v 69.57 		56.955 		0
v 69.536 		56.817 		0
v 69.506 		56.697 		0
v 69.357 		56.476 		0
v 69.142 		56.32 		0
v 68.887 		56.246 		0
v 68.621 		56.265 		0
v 68.378 		56.373 		0
v 68.187 		56.558 		0
v 68.156 		56.598 		0
v 67.526 		56.983 		0
v 67.255 		56.95 		0
v 67.342 		56.96 		0
v 66.818 		55.578 		0
v 66.768 		55.342 		0
v 67.012 		56.826 		0
v 66.816 		55.59 		0
v 66.781 		55.842 		0
v 66.763 		55.318 		0
v 66.826 		56.626 		0
v 66.719 		56.375 		0
v 66.705 		56.102 		0
v 66.719 		56.371 		0
v 66.716 		56.308 		0
v 66.688 		55.198 		0
v 66.622 		55.092 		0
v 66.412 		54.929 		0
v 66.159 		54.846 		0
v 65.893 		54.856 		0
v 65.647 		54.955 		0
v 65.397 		63.212 		0
v 64.622 		62.48 		0
v 64.641 		62.489 		0
v 64.6 		62.47 		0
v 63.736 		62.092 		0
v 63.763 		62.104 		0
v 63.692 		62.088 		0
v 63.693 		62.088 		0
v 64.671 		62.516 		0
v 65.035 		62.851 		0
v 65.334 		63.127 		0
v 65.36 		63.151 		0
v 65.062 		62.876 		0
v 65.367 		63.157 		0
v 63.063 		62.036 		0
v 63.108 		62.04 		0
v 61.757 		62.277 		0
v 61.762 		62.274 		0
v 61.795 		62.253 		0
v 61.813 		62.248 		0
v 65.035 		62.851 		9.075
v 62.759 		62.011 		0
v 62.709 		62.021 		0
v 62.722 		62.018 		0
v 62.752 		62.01 		0
v 60.972 		62.791 		0
v 60.941 		62.828 		0
v 60.968 		62.793 		0
v 60.041 		64.506 		0
v 60.362 		63.572 		0
v 60.352 		63.6 		0
v 60.048 		64.487 		0
v 60.347 		63.615 		0
v 60.395 		63.529 		0
v 60.041 		65.494 		0
v 60.048 		65.513 		0
v 61.3794 		57.344 		0
v 64.051 		55.854 		0
v 63.872 		55.648 		0
v 64.289 		55.986 		0
v 65.061 		55.836 		0
v 64.559 		56.029 		0
v 71.115 		60.152 		4.94
v 64.827 		55.977 		0
v 65.307 		55.416 		0
v 65.233 		55.624 		0
v 65.324 		55.368 		0
v 63.774 		55.393 		0
v 63.87 		55.644 		0
v 63.848 		55.585 		0
v 65.449 		55.133 		0
v 63.766 		55.121 		0
v 63.722 		54.871 		0
v 63.72 		54.859 		0
v 63.587 		54.629 		0
v 63.383 		54.458 		0
v 63.215 		54.397 		0
v 63.466 		54.528 		0
v 61.711 		55.986 		0
v 61.441 		56.029 		0
v 61.949 		55.854 		0
v 62.128 		55.648 		0
v 62.226 		55.393 		0
v 62.57 		54.498 		0
v 62.413 		54.629 		0
v 62.617 		54.458 		0
v 62.28 		54.859 		0
v 62.234 		55.121 		0
v 61.173 		55.977 		0
v 60.939 		55.836 		0
v 60.556 		55.144 		0
v 60.551 		55.133 		0
v 60.767 		55.624 		0
v 60.72 		55.492 		0
v 60.676 		55.368 		0
v 60.353 		54.955 		0
v 60.222 		54.902 		0
v 60.107 		54.856 		0
v 60.041 		54.853 		0
v 59.841 		54.846 		0
v 59.588 		54.929 		0
v 59.281 		56.375 		0
v 59.174 		56.626 		0
v 58.474 		56.983 		0
v 58.988 		56.826 		0
v 58.745 		56.95 		0
v 57.813 		56.558 		0
v 57.63 		56.381 		0
v 58.205 		56.919 		0
v 58.152 		56.885 		0
v 58.208 		56.922 		0
v 57.979 		56.773 		0
v 56.78 		72.119 		4.94
v 57.622 		56.373 		0
v 57.379 		56.265 		0
v 59.295 		56.102 		0
v 59.237 		55.318 		0
v 59.182 		55.578 		0
v 59.219 		55.842 		0
v 59.233 		55.891 		0
v 59.378 		55.092 		0
v 53.836 		62.939 		0
v 53.368 		62.676 		0
v 53.416 		62.693 		0
v 53.624 		62.767 		0
v 53.977 		63.173 		0
v 54.029 		63.441 		0
v 53.986 		63.711 		0
v 53.854 		63.949 		0
v 53.393 		64.226 		0
v 53.644 		64.13 		0
v 53.585 		64.152 		0
v 53.648 		64.128 		0
v 52.498 		65.43 		0
v 52.849 		61.902 		0
v 52.856 		62.107 		0
v 52.929 		61.588 		0
v 52.846 		61.841 		0
v 52.955 		62.353 		0
v 53.133 		62.551 		0
v 52.397 		64.785 		0
v 52.871 		64.278 		0
v 54.885 		69.848 		4.94
v 52.859 		64.28 		0
v 52.458 		65.383 		0
v 53.121 		64.234 		0
v 52.629 		64.413 		0
v 52.458 		64.617 		0
v 53.842 		61.219 		0
v 53.59 		61.184 		0
v 53.578 		61.182 		0
v 53.318 		61.237 		0
v 54.826 		60.988 		0
v 54.769 		61.041 		0
v 54.626 		61.174 		0
v 54.375 		61.281 		0
v 54.102 		61.295 		0
v 54.308 		61.284 		0
v 54.371 		61.281 		0
v 54.983 		60.474 		0
v 54.95 		60.745 		0
v 54.773 		59.979 		0
v 54.922 		60.208 		0
v 54.373 		59.622 		0
v 54.558 		59.813 		0
v 55.458 		58.574 		0
v 56.466 		58.659 		0
v 56.218 		58.774 		0
v 56.659 		58.466 		0
v 56.774 		58.218 		0
v 56.798 		57.946 		0
v 56.727 		57.683 		0
v 56.574 		57.458 		0
v 56.603 		57.501 		0
v 55.946 		58.798 		0
v 55.683 		58.727 		0
v 55.942 		58.797 		0
v 55.881 		58.78 		0
v 55.23 		58.463 		0
v 55.219 		58.457 		0
v 54.697 		58.494 		0
v 54.549 		58.594 		0
v 54.251 		59.175 		0
v 54.265 		59.379 		0
v 54.955 		58.43 		0
v 54.476 		58.643 		0
v 54.392 		58.758 		0
v 54.32 		58.858 		0
v 54.246 		59.113 		0
v 53.198 		61.312 		0
v 65.449 		74.867 		20
v 53.092 		61.378 		0
v 65.444 		74.856 		20
v 64.827 		74.023 		20
v 65.061 		74.164 		20
v 64.559 		73.971 		20
v 65.324 		74.632 		20
v 65.526 		74.936 		20
v 65.103 		74.216 		20
v 65.233 		74.376 		20
v 64.501 		73.98 		20
v 64.051 		74.146 		20
v 64.289 		74.014 		20
v 63.872 		74.352 		20
v 63.774 		74.607 		20
v 63.766 		74.879 		20
v 63.587 		75.371 		20
v 63.72 		75.141 		20
v 57.237 		56.255 		0
v 57.113 		56.246 		0
v 56.888 		56.311 		0
v 56.858 		56.32 		0
v 56.643 		56.476 		0
v 56.494 		56.697 		0
v 56.43 		56.955 		0
v 56.457 		57.219 		0
v 73.633 		64.867 		20
v 73.633 		65.133 		20
v 62.867 		75.633 		20
v 63.133 		75.633 		20
v 68.887 		73.754 		20
v 68.763 		73.745 		20
v 68.621 		73.735 		20
v 66.705 		73.898 		20
v 66.767 		74.109 		20
v 66.781 		74.158 		20
v 66.818 		74.422 		20
v 66.763 		74.682 		20
v 66.622 		74.908 		20
v 66.412 		75.071 		20
v 66.159 		75.154 		20
v 65.893 		75.144 		20
v 65.778 		75.098 		20
v 65.647 		75.045 		20
v 71.68 		70.498 		20
v 71.735 		70.621 		20
v 71.754 		70.887 		20
v 71.68 		71.142 		20
v 70.058 		71.203 		20
v 70.054 		71.202 		20
v 63.43 		75.502 		20
v 69.782 		71.226 		20
v 63.383 		75.542 		20
v 70.781 		71.543 		20
v 70.77 		71.537 		20
v 71.524 		71.357 		20
v 62.785 		75.603 		20
v 71.316 		71.497 		20
v 62.617 		75.542 		20
v 70.317 		71.273 		20
v 70.119 		71.22 		20
v 71.303 		71.506 		20
v 71.045 		71.57 		20
v 70.542 		71.426 		20
v 62.413 		75.371 		20
v 71.078 		69.792 		20
v 61.441 		73.971 		20
v 71.227 		70.021 		20
v 62.28 		75.141 		20
v 71.442 		70.187 		20
v 71.627 		70.378 		20
v 62.278 		75.129 		20
v 67.792 		73.078 		20
v 62.234 		74.879 		20
v 67.848 		73.115 		20
v 67.795 		73.081 		20
v 68.378 		73.627 		20
v 62.226 		74.607 		20
v 68.37 		73.619 		20
v 61.711 		74.014 		20
v 61.949 		74.146 		20
v 68.187 		73.442 		20
v 68.021 		73.227 		20
v 69.543 		72.781 		20
v 69.57 		73.045 		20
v 69.506 		73.303 		20
v 69.357 		73.524 		20
v 69.142 		73.68 		20
v 69.226 		71.782 		20
v 69.202 		72.054 		20
v 69.273 		72.317 		20
v 69.397 		72.499 		20
v 69.426 		72.542 		20
v 66.719 		73.625 		20
v 67.255 		73.05 		20
v 67.012 		73.174 		20
v 67.526 		73.017 		20
v 71.081 		60.205 		0.297
v 66.815 		73.4 		20
v 66.826 		73.374 		20
v 66.935 		73.257 		20
v 69.534 		71.341 		20
v 69.341 		71.534 		20
v 65.536 		69.632 		20
v 71.898 		68.705 		20
v 71.692 		68.716 		20
v 73.045 		67.647 		20
v 73.144 		67.893 		20
v 73.154 		68.159 		20
v 73.071 		68.412 		20
v 72.908 		68.622 		20
v 72.682 		68.763 		20
v 72.422 		68.818 		20
v 72.298 		68.801 		20
v 72.158 		68.781 		20
v 62.152 		74.415 		20
v 62.128 		74.352 		20
v 62.13 		74.356 		20
v 61.504 		73.981 		20
v 63.848 		55.585 		4.94
v 71.625 		68.719 		20
v 71.374 		68.826 		20
v 71.174 		69.012 		20
v 71.05 		69.255 		20
v 71.017 		69.526 		20
v 72.802 		67.415 		20
v 72.867 		67.449 		20
v 72.151 		67.04 		20
v 72.164 		67.061 		20
v 72.023 		66.827 		20
v 72.376 		67.233 		20
v 72.632 		67.324 		20
v 72.146 		66.051 		20
v 72.607 		65.774 		20
v 72.415 		65.848 		20
v 72.352 		65.872 		20
v 73.371 		65.587 		20
v 73.141 		65.72 		20
v 72.879 		65.766 		20
v 72.014 		66.289 		20
v 72 		66.378 		20
v 71.971 		66.559 		20
v 56.797 		72.058 		0.297
v 65.816 		66.014 		20
v 65.837 		65.975 		20
v 65.839 		65.962 		20
v 54.919 		69.795 		0.297
v 65.837 		65.974 		20
v 60.939 		74.164 		20
v 60.767 		74.376 		20
v 60.693 		74.584 		20
v 61.173 		74.023 		20
v 60.676 		74.632 		20
v 60.551 		74.867 		20
v 60.353 		75.045 		20
v 60.107 		75.144 		20
v 59.841 		75.154 		20
v 59.588 		75.071 		20
v 57.379 		73.735 		20
v 59.295 		73.898 		20
v 59.219 		74.158 		20
v 59.237 		74.682 		20
v 59.312 		74.802 		20
v 59.378 		74.908 		20
v 59.182 		74.422 		20
v 59.184 		74.41 		20
v 58.208 		73.078 		20
v 58.988 		73.174 		20
v 58.474 		73.017 		20
v 59.174 		73.374 		20
v 58.638 		73.037 		20
v 58.745 		73.05 		20
v 59.286 		73.719 		20
v 57.813 		73.442 		20
v 57.622 		73.627 		20
v 57.979 		73.227 		20
v 59.281 		73.625 		20
v 63.736 		67.908 		20
v 63.692 		67.912 		20
v 63.693 		67.912 		20
v 61.813 		67.752 		20
v 61.795 		67.747 		20
v 62.759 		67.989 		20
v 62.752 		67.99 		20
v 62.722 		67.982 		20
v 62.709 		67.979 		20
v 61.762 		67.726 		20
v 61.757 		67.723 		20
v 54.115 		68.705 		0.937
v 63.763 		67.896 		20
v 65.397 		66.788 		20
v 64.641 		67.511 		20
v 64.622 		67.52 		20
v 64.6 		67.53 		20
v 65.035 		67.149 		20
v 64.671 		67.484 		20
v 65.062 		67.124 		20
v 65.36 		66.849 		20
v 65.334 		66.873 		20
v 65.367 		66.843 		20
v 60.968 		67.207 		20
v 60.941 		67.172 		20
v 60.395 		66.471 		20
v 60.972 		67.209 		20
v 60.275 		66.175 		20
v 60.263 		66.141 		20
v 60.362 		66.428 		20
v 60.347 		66.385 		20
v 60.352 		66.4 		20
v 57.113 		73.754 		20
v 57.175 		73.749 		20
v 73.542 		65.383 		20
v 56.858 		73.68 		20
v 56.643 		73.524 		20
v 56.494 		73.303 		20
v 73.371 		64.413 		20
v 73.542 		64.617 		20
v 73.141 		64.28 		20
v 72.418 		64.153 		20
v 72.415 		64.152 		20
v 72.352 		64.128 		20
v 72.014 		63.711 		20
v 72.146 		63.949 		20
v 72.164 		62.939 		20
v 72.023 		63.173 		20
v 71.971 		63.441 		20
v 72.632 		62.676 		20
v 72.438 		62.745 		20
v 72.856 		62.556 		20
v 72.867 		62.551 		20
v 73.098 		62.222 		20
v 73.144 		62.107 		20
v 73.045 		62.353 		20
v 73.154 		61.841 		20
v 73.071 		61.588 		20
v 72.376 		62.767 		20
v 66.716 		56.308 		4.94
v 65.837 		64.026 		20
v 65.845 		64.07 		20
v 65.994 		64.963 		20
v 65.809 		63.973 		20
v 66 		65 		20
v 65.994 		65.037 		20
v 65.993 		65.044 		20
v 70.119 		71.22 		4.94
v 57.344 		67.7506 		20
v 56.594 		73.451 		20
v 56.774 		71.782 		20
v 56.78 		72.119 		20
v 56.797 		72.058 		20
v 56.798 		72.054 		20
v 56.78 		71.849 		20
v 56.463 		72.77 		20
v 56.574 		72.542 		20
v 56.727 		72.317 		20
v 56.43 		73.045 		20
v 56.457 		72.781 		20
v 56.659 		71.534 		20
v 56.466 		71.341 		20
v 56.218 		71.226 		20
v 55.683 		71.273 		20
v 55.458 		71.426 		20
v 55.946 		71.202 		20
v 56.18 		71.223 		20
v 54.476 		71.357 		20
v 54.697 		71.506 		20
v 54.32 		71.142 		20
v 54.296 		71.058 		20
v 55.219 		71.543 		20
v 54.955 		71.57 		20
v 54.757 		71.521 		20
v 54.246 		70.887 		20
v 54.919 		69.795 		20
v 54.885 		69.848 		20
v 54.922 		69.792 		20
v 54.373 		70.378 		20
v 54.381 		70.37 		20
v 54.558 		70.187 		20
v 54.773 		70.021 		20
v 54.265 		70.621 		20
v 54.983 		69.526 		20
v 54.95 		69.255 		20
v 53.348 		68.769 		20
v 53.318 		68.763 		20
v 54.626 		68.826 		20
v 54.375 		68.719 		20
v 54.115 		68.705 		20
v 54.826 		69.012 		20
v 54.769 		68.959 		20
v 54.094 		68.707 		20
v 53.842 		68.781 		20
v 54.102 		68.705 		20
v 53.578 		68.818 		20
v 53.836 		67.061 		20
v 53.977 		66.827 		20
v 53.854 		66.051 		20
v 53.648 		65.872 		20
v 53.393 		65.774 		20
v 53.368 		67.324 		20
v 53.624 		67.233 		20
v 53.784 		67.103 		20
v 54.029 		66.559 		20
v 53.986 		66.289 		20
v 53.992 		66.327 		20
v 66.719 		56.371 		0.297
v 53.092 		68.622 		20
v 53.145 		68.655 		20
v 53.121 		65.766 		20
v 52.859 		65.72 		20
v 52.629 		65.587 		20
v 52.85 		68.072 		20
v 52.856 		67.893 		20
v 53.133 		67.449 		20
v 53.144 		67.444 		20
v 52.929 		68.412 		20
v 52.846 		68.159 		20
v 52.955 		67.647 		20
v 72.158 		61.219 		20
v 72.109 		61.233 		20
v 72.682 		61.237 		20
v 72.422 		61.182 		20
v 71.898 		61.295 		20
v 72.908 		61.378 		20
v 71.174 		60.988 		20
v 71.627 		59.622 		20
v 71.05 		60.745 		20
v 71.017 		60.474 		20
v 71.081 		60.205 		20
v 71.115 		60.152 		20
v 66.5943 		61.44 		20
v 71.078 		60.208 		20
v 71.619 		59.63 		20
v 71.442 		59.813 		20
v 71.227 		59.979 		20
v 71.625 		61.281 		20
v 71.374 		61.174 		20
v 71.303 		58.494 		20
v 71.243 		58.479 		20
v 65.36 		63.151 		20
v 65.035 		62.851 		20
v 65.367 		63.157 		20
v 65.389 		63.197 		20
v 63.763 		62.104 		20
v 64.622 		62.48 		20
v 63.778 		62.11 		20
v 65.001 		62.82 		20
v 71.524 		58.643 		20
v 71.045 		58.43 		20
v 71.68 		58.858 		20
v 71.704 		58.942 		20
v 64.641 		62.489 		20
v 64.674 		62.519 		20
v 64.671 		62.516 		20
v 63.722 		62.091 		20
v 63.736 		62.092 		20
v 63.037 		62.034 		20
v 62.797 		62.014 		20
v 63.063 		62.036 		20
v 54.094 		68.707 		19.368
v 61.756 		62.278 		20
v 61.762 		62.274 		20
v 61.795 		62.253 		20
v 71.754 		59.113 		20
v 71.735 		59.379 		20
v 70.781 		58.457 		20
v 70.542 		58.574 		20
v 62.152 		74.415 		4.94
v 70.317 		58.727 		20
v 70.054 		58.798 		20
v 58.152 		56.885 		4.94
v 69.782 		58.774 		20
v 69.202 		57.946 		20
v 69.534 		58.659 		20
v 69.352 		57.567 		20
v 69.426 		57.458 		20
v 69.273 		57.683 		20
v 69.226 		58.218 		20
v 69.341 		58.466 		20
v 69.142 		56.32 		20
v 68.887 		56.246 		20
v 68.621 		56.265 		20
v 69.537 		57.23 		20
v 69.543 		57.219 		20
v 67.792 		56.922 		20
v 68.156 		56.598 		20
v 68.187 		56.558 		20
v 68.378 		56.373 		20
v 69.357 		56.476 		20
v 69.506 		56.697 		20
v 69.536 		56.817 		20
v 68.021 		56.773 		20
v 69.57 		56.955 		20
v 67.526 		56.983 		20
v 67.342 		56.96 		20
v 67.255 		56.95 		20
v 66.818 		55.578 		20
v 66.768 		55.342 		20
v 66.763 		55.318 		20
v 67.012 		56.826 		20
v 66.781 		55.842 		20
v 66.816 		55.59 		20
v 66.826 		56.626 		20
v 66.705 		56.102 		20
v 66.716 		56.308 		20
v 61.813 		62.248 		20
v 61.838 		62.242 		20
v 62.788 		62.013 		20
v 62.722 		62.018 		20
v 62.752 		62.01 		20
v 61.006 		62.768 		20
v 66.719 		56.375 		20
v 66.719 		56.371 		20
v 66.622 		55.092 		20
v 66.688 		55.198 		20
v 65.893 		54.856 		20
v 65.647 		54.955 		20
v 66.412 		54.929 		20
v 66.159 		54.846 		20
v 60.919 		62.856 		20
v 60.972 		62.791 		20
v 60.968 		62.793 		20
v 67.848 		73.115 		4.94
v 60.041 		64.506 		20
v 60.362 		63.572 		20
v 60.352 		63.6 		20
v 60.055 		64.464 		20
v 60.048 		64.487 		20
v 60.389 		63.537 		20
v 58.6536 		61.44 		20
v 60.041 		65.494 		20
v 60.048 		65.513 		20
v 63.872 		55.648 		20
v 64.051 		55.854 		20
v 63.774 		55.393 		20
v 63.848 		55.585 		20
v 63.87 		55.644 		20
v 64.289 		55.986 		20
v 65.061 		55.836 		20
v 64.559 		56.029 		20
v 64.827 		55.977 		20
v 65.233 		55.624 		20
v 65.307 		55.416 		20
v 65.324 		55.368 		20
v 63.722 		54.871 		20
v 63.766 		55.121 		20
v 65.449 		55.133 		20
v 63.587 		54.629 		20
v 63.72 		54.859 		20
v 63.215 		54.397 		20
v 63.383 		54.458 		20
v 63.466 		54.528 		20
v 61.441 		56.029 		20
v 61.711 		55.986 		20
v 61.949 		55.854 		20
v 62.128 		55.648 		20
v 62.226 		55.393 		20
v 62.413 		54.629 		20
v 62.57 		54.498 		20
v 62.234 		55.121 		20
v 62.28 		54.859 		20
v 62.617 		54.458 		20
v 60.939 		55.836 		20
v 61.173 		55.977 		20
v 60.551 		55.133 		20
v 60.556 		55.144 		20
v 60.767 		55.624 		20
v 63.87 		55.644 		0.297
v 60.676 		55.368 		20
v 60.72 		55.492 		20
v 59.588 		54.929 		20
v 59.841 		54.846 		20
v 60.041 		54.853 		20
v 60.107 		54.856 		20
v 60.222 		54.902 		20
v 60.353 		54.955 		20
v 58.152 		56.885 		20
v 59.281 		56.375 		20
v 59.174 		56.626 		20
v 58.474 		56.983 		20
v 58.988 		56.826 		20
v 58.205 		56.919 		20
v 58.208 		56.922 		20
v 58.745 		56.95 		20
v 57.63 		56.381 		20
v 57.813 		56.558 		20
v 57.622 		56.373 		20
v 57.979 		56.773 		20
v 57.379 		56.265 		20
v 59.295 		56.102 		20
v 59.233 		55.891 		20
v 59.219 		55.842 		20
v 59.182 		55.578 		20
v 59.237 		55.318 		20
v 59.378 		55.092 		20
v 53.836 		62.939 		20
v 53.393 		64.226 		20
v 53.416 		62.693 		20
v 53.368 		62.676 		20
v 53.624 		62.767 		20
v 53.977 		63.173 		20
v 54.029 		63.441 		20
v 53.585 		64.152 		20
v 53.644 		64.13 		20
v 53.648 		64.128 		20
v 53.854 		63.949 		20
v 53.986 		63.711 		20
v 52.458 		65.383 		20
v 52.498 		65.43 		20
v 52.397 		64.785 		20
v 52.859 		64.28 		20
v 52.871 		64.278 		20
v 52.458 		64.617 		20
v 52.629 		64.413 		20
v 53.121 		64.234 		20
v 52.856 		62.107 		20
v 52.849 		61.902 		20
v 53.133 		62.551 		20
v 52.955 		62.353 		20
v 52.846 		61.841 		20
v 52.929 		61.588 		20
v 53.59 		61.184 		20
v 53.842 		61.219 		20
v 53.318 		61.237 		20
v 53.578 		61.182 		20
v 54.102 		61.295 		20
v 54.626 		61.174 		20
v 54.769 		61.041 		20
v 54.826 		60.988 		20
v 54.983 		60.474 		20
v 54.95 		60.745 		20
v 54.308 		61.284 		20
v 54.371 		61.281 		20
v 54.375 		61.281 		20
v 54.922 		60.208 		20
v 54.773 		59.979 		20
v 54.558 		59.813 		20
v 54.373 		59.622 		20
v 62.13 		74.356 		0.297
v 58.205 		56.919 		0.297
v 53.585 		64.152 		4.94
v 54.308 		61.284 		4.94
v 55.881 		58.78 		4.94
v 53.644 		64.13 		0.297
v 54.371 		61.281 		0.297
v 55.942 		58.797 		0.297
# 1135 vertices

g group_0_14541540

usemtl color_14541540
s 0

f 2 	5 	1
f 7 	5 	2
f 15 	9 	16
f 12 	14 	13
f 8 	16 	9
f 52 	55 	18
f 17 	18 	55
f 26 	27 	23
f 24 	150 	23
f 25 	152 	24
f 20 	795 	796
f 20 	798 	795
f 20 	799 	798
f 1021 	20 	796
f 20 	456 	241
f 1021 	1020 	20
f 29 	30 	28
f 30 	31 	28
f 31 	21 	28
f 21 	22 	28
f 22 	23 	28
f 27 	28 	23
f 62 	152 	25
f 32 	4 	42
f 42 	41 	32
f 37 	6 	3
f 14 	12 	32
f 6 	40 	3
f 10 	13 	41
f 13 	10 	12
f 4 	3 	39
f 40 	39 	3
f 39 	38 	4
f 38 	33 	4
f 33 	34 	4
f 34 	35 	4
f 35 	36 	4
f 36 	44 	4
f 44 	43 	4
f 43 	42 	4
f 14 	32 	41
f 100 	78 	41
f 45 	46 	55
f 19 	55 	46
f 17 	55 	19
f 61 	59 	47
f 47 	48 	61
f 50 	58 	49
f 49 	58 	51
f 54 	55 	53
f 52 	53 	55
f 56 	45 	55
f 60 	45 	56
f 60 	61 	48
f 48 	45 	60
f 78 	58 	57
f 59 	58 	47
f 50 	47 	58
f 78 	65 	58
f 51 	58 	65
f 65 	78 	64
f 78 	146 	71
f 63 	78 	72
f 71 	72 	78
f 63 	64 	78
f 69 	71 	146
f 74 	11 	78
f 11 	10 	41
f 13 	14 	41
f 57 	75 	78
f 75 	74 	78
f 41 	78 	11
f 103 	104 	91
f 104 	112 	91
f 87 	103 	91
f 85 	86 	91
f 86 	87 	91
f 84 	85 	91
f 84 	91 	92
f 84 	92 	93
f 84 	93 	94
f 611 	141 	612
f 141 	611 	610
f 89 	91 	112
f 80 	81 	113
f 95 	80 	106
f 96 	224 	98
f 78 	99 	227
f 98 	224 	99
f 100 	99 	78
f 615 	148 	147
f 613 	140 	149
f 81 	89 	113
f 113 	106 	80
f 96 	95 	106
f 107 	224 	106
f 106 	224 	96
f 112 	113 	89
f 109 	224 	107
f 129 	116 	117
f 119 	122 	320
f 123 	124 	122
f 124 	327 	122
f 318 	319 	122
f 129 	128 	126
f 126 	116 	129
f 127 	128 	129
f 127 	129 	109
f 129 	223 	109
f 134 	131 	129
f 134 	129 	137
f 610 	133 	138
f 612 	139 	140
f 612 	140 	613
f 136 	137 	129
f 141 	139 	612
f 138 	141 	610
f 148 	615 	149
f 142 	78 	154
f 26 	23 	150
f 62 	151 	152
f 153 	24 	152
f 143 	24 	153
f 144 	24 	143
f 150 	24 	144
f 156 	78 	155
f 78 	178 	155
f 154 	78 	156
f 177 	172 	157
f 176 	177 	157
f 158 	157 	172
f 161 	158 	172
f 165 	173 	164
f 167 	163 	171
f 170 	171 	163
f 163 	164 	173
f 173 	169 	163
f 170 	163 	169
f 166 	162 	173
f 159 	160 	173
f 162 	159 	173
f 166 	173 	165
f 172 	173 	161
f 160 	161 	173
f 179 	174 	78
f 175 	78 	174
f 181 	209 	180
f 184 	185 	196
f 183 	208 	181
f 168 	78 	183
f 186 	196 	185
f 187 	196 	186
f 188 	196 	187
f 189 	196 	188
f 182 	196 	189
f 180 	191 	182
f 195 	192 	194
f 192 	193 	194
f 196 	194 	193
f 196 	193 	197
f 196 	197 	184
f 196 	182 	191
f 202 	234 	203
f 200 	233 	199
f 246 	252 	199
f 249 	248 	199
f 199 	233 	247
f 252 	253 	199
f 203 	234 	200
f 212 	213 	201
f 78 	212 	201
f 208 	78 	201
f 209 	181 	208
f 191 	180 	209
f 78 	208 	183
f 168 	179 	78
f 175 	178 	78
f 178 	176 	157
f 157 	155 	178
f 145 	78 	142
f 146 	78 	145
f 151 	62 	146
f 62 	69 	146
f 762 	198 	202
f 762 	202 	203
f 218 	219 	201
f 198 	201 	219
f 217 	218 	201
f 215 	216 	198
f 202 	198 	216
f 220 	215 	198
f 211 	202 	210
f 222 	78 	221
f 214 	78 	222
f 213 	217 	201
f 219 	220 	198
f 214 	212 	78
f 238 	202 	211
f 131 	223 	129
f 224 	109 	223
f 225 	78 	228
f 226 	99 	229
f 231 	78 	230
f 230 	78 	227
f 229 	99 	224
f 227 	99 	226
f 228 	78 	231
f 221 	78 	225
f 233 	200 	232
f 236 	260 	235
f 234 	202 	239
f 232 	200 	234
f 238 	239 	202
f 216 	210 	202
f 237 	260 	236
f 235 	259 	233
f 241 	284 	240
f 207 	205 	253
f 205 	199 	253
f 245 	256 	253
f 206 	207 	253
f 255 	244 	251
f 242 	243 	253
f 257 	242 	253
f 248 	246 	199
f 785 	786 	204
f 249 	199 	247
f 204 	786 	782
f 204 	787 	785
f 204 	788 	789
f 244 	245 	251
f 254 	255 	251
f 250 	251 	245
f 253 	250 	245
f 256 	257 	253
f 243 	190 	253
f 190 	206 	253
f 790 	788 	204
f 247 	233 	258
f 237 	282 	263
f 273 	274 	263
f 237 	263 	264
f 260 	237 	264
f 258 	233 	259
f 266 	268 	278
f 204 	789 	787
f 265 	266 	278
f 268 	269 	278
f 272 	261 	278
f 261 	262 	278
f 262 	263 	278
f 274 	275 	263
f 275 	278 	263
f 270 	271 	278
f 271 	272 	278
f 269 	270 	278
f 277 	280 	276
f 279 	276 	265
f 267 	265 	276
f 267 	276 	280
f 278 	279 	265
f 204 	226 	229
f 273 	263 	282
f 282 	237 	281
f 286 	285 	237
f 285 	281 	237
f 259 	235 	260
f 237 	240 	284
f 284 	286 	237
f 294 	295 	283
f 283 	284 	294
f 241 	294 	284
f 287 	283 	300
f 289 	287 	301
f 300 	301 	287
f 288 	289 	301
f 295 	300 	283
f 215 	771 	772
f 291 	292 	299
f 313 	306 	299
f 290 	291 	299
f 301 	299 	293
f 292 	293 	299
f 293 	288 	301
f 304 	302 	455
f 241 	456 	302
f 456 	455 	302
f 302 	294 	241
f 303 	304 	455
f 306 	313 	305
f 298 	546 	309
f 314 	315 	313
f 315 	311 	313
f 313 	311 	312
f 313 	312 	316
f 313 	316 	317
f 317 	305 	313
f 290 	299 	306
f 117 	118 	321
f 324 	323 	129
f 320 	321 	118
f 118 	119 	320
f 321 	322 	117
f 129 	117 	322
f 322 	324 	129
f 319 	320 	122
f 326 	318 	122
f 327 	328 	122
f 328 	325 	122
f 325 	326 	122
f 329 	365 	330
f 948 	944 	310
f 331 	330 	346
f 346 	129 	331
f 323 	331 	129
f 341 	332 	348
f 334 	365 	329
f 332 	333 	352
f 339 	352 	338
f 340 	352 	339
f 346 	330 	365
f 352 	348 	332
f 333 	335 	352
f 337 	352 	336
f 336 	352 	335
f 944 	945 	310
f 204 	227 	226
f 344 	364 	343
f 783 	225 	228
f 343 	373 	342
f 135 	136 	129
f 129 	346 	347
f 347 	135 	129
f 427 	310 	428
f 334 	341 	349
f 352 	340 	351
f 348 	349 	341
f 340 	353 	350
f 350 	351 	340
f 338 	352 	337
f 356 	343 	354
f 374 	369 	358
f 362 	359 	372
f 361 	362 	372
f 370 	372 	359
f 357 	369 	360
f 360 	369 	359
f 355 	363 	372
f 355 	343 	356
f 363 	361 	372
f 354 	343 	364
f 365 	334 	349
f 364 	346 	365
f 370 	359 	369
f 369 	374 	368
f 375 	366 	374
f 367 	376 	366
f 374 	366 	376
f 374 	376 	377
f 374 	377 	378
f 374 	378 	371
f 371 	368 	374
f 372 	343 	355
f 358 	369 	357
f 373 	343 	372
f 391 	392 	386
f 384 	388 	383
f 383 	388 	379
f 379 	387 	380
f 411 	464 	445
f 382 	434 	381
f 381 	434 	373
f 345 	364 	344
f 346 	364 	345
f 396 	970 	971
f 387 	379 	388
f 50 	49 	389
f 384 	385 	392
f 394 	384 	393
f 392 	393 	384
f 395 	384 	394
f 396 	384 	395
f 397 	384 	396
f 398 	384 	397
f 399 	384 	398
f 400 	384 	399
f 388 	384 	400
f 385 	386 	392
f 390 	391 	386
f 389 	47 	50
f 49 	51 	389
f 442 	435 	410
f 435 	436 	410
f 401 	380 	387
f 224 	204 	229
f 236 	20 	237
f 970 	396 	395
f 239 	794 	791
f 20 	240 	237
f 455 	456 	20
f 20 	241 	240
f 405 	407 	404
f 405 	415 	408
f 407 	405 	408
f 409 	415 	405
f 445 	442 	410
f 410 	411 	445
f 986 	404 	407
f 412 	466 	414
f 466 	461 	414
f 464 	462 	445
f 988 	1004 	409
f 91 	704 	92
f 419 	412 	418
f 420 	412 	419
f 417 	418 	412
f 416 	417 	412
f 412 	408 	415
f 416 	412 	415
f 428 	310 	425
f 380 	401 	423
f 401 	403 	423
f 979 	978 	393
f 979 	393 	392
f 402 	406 	424
f 403 	402 	423
f 424 	422 	402
f 342 	373 	421
f 234 	792 	232
f 233 	797 	235
f 20 	236 	235
f 797 	20 	235
f 988 	409 	405
f 239 	791 	234
f 794 	239 	238
f 310 	435 	442
f 434 	382 	432
f 431 	382 	433
f 421 	373 	434
f 423 	429 	382
f 429 	430 	382
f 430 	433 	382
f 431 	432 	382
f 422 	423 	402
f 382 	380 	423
f 803 	242 	257
f 444 	998 	445
f 426 	424 	406
f 425 	426 	406
f 457 	503 	439
f 439 	506 	438
f 440 	457 	439
f 932 	831 	421
f 945 	933 	425
f 426 	425 	933
f 935 	426 	933
f 310 	945 	425
f 815 	330 	331
f 441 	432 	431
f 434 	432 	441
f 441 	431 	433
f 930 	929 	441
f 441 	936 	930
f 441 	942 	936
f 422 	934 	941
f 310 	436 	435
f 310 	442 	445
f 427 	428 	410
f 310 	427 	436
f 436 	427 	410
f 406 	410 	425
f 428 	425 	410
f 443 	457 	440
f 443 	444 	457
f 448 	567 	447
f 438 	506 	437
f 437 	506 	446
f 440 	995 	996
f 451 	450 	553
f 561 	553 	450
f 454 	447 	561
f 560 	561 	447
f 450 	454 	561
f 453 	451 	553
f 443 	440 	996
f 455 	529 	296
f 452 	453 	553
f 446 	506 	448
f 20 	1020 	455
f 448 	1011 	1010
f 842 	841 	248
f 458 	457 	445
f 411 	413 	461
f 464 	411 	461
f 412 	467 	465
f 412 	465 	466
f 413 	414 	461
f 483 	482 	468
f 460 	458 	445
f 462 	460 	445
f 444 	445 	457
f 469 	482 	459
f 458 	459 	457
f 470 	482 	469
f 467 	412 	471
f 420 	471 	412
f 472 	473 	478
f 475 	478 	473
f 474 	475 	473
f 926 	914 	364
f 457 	459 	481
f 479 	480 	457
f 481 	479 	457
f 484 	485 	468
f 487 	468 	485
f 488 	468 	487
f 486 	484 	468
f 483 	468 	488
f 481 	459 	482
f 470 	468 	482
f 16 	486 	468
f 468 	472 	478
f 478 	476 	468
f 477 	468 	476
f 477 	15 	468
f 16 	468 	15
f 955 	368 	371
f 490 	457 	489
f 489 	457 	480
f 517 	518 	494
f 495 	491 	497
f 496 	497 	491
f 494 	495 	497
f 492 	496 	491
f 497 	498 	494
f 498 	499 	494
f 499 	500 	494
f 500 	501 	494
f 501 	521 	494
f 521 	517 	494
f 518 	519 	494
f 519 	520 	494
f 505 	439 	503
f 514 	615 	508
f 510 	571 	509
f 512 	571 	510
f 506 	439 	505
f 504 	570 	448
f 506 	504 	448
f 511 	570 	504
f 968 	382 	963
f 382 	968 	967
f 379 	962 	383
f 385 	384 	965
f 964 	965 	384
f 383 	966 	384
f 964 	384 	966
f 962 	966 	383
f 963 	381 	961
f 508 	573 	507
f 509 	571 	511
f 507 	574 	512
f 503 	457 	502
f 520 	516 	494
f 493 	494 	516
f 516 	502 	493
f 490 	493 	502
f 457 	490 	502
f 682 	61 	60
f 420 	1006 	1036
f 522 	526 	556
f 260 	854 	850
f 524 	549 	523
f 526 	527 	449
f 298 	297 	530
f 617 	326 	325
f 689 	69 	62
f 995 	440 	439
f 532 	530 	297
f 533 	297 	529
f 529 	455 	528
f 455 	449 	528
f 527 	528 	449
f 555 	556 	526
f 532 	297 	531
f 531 	297 	533
f 296 	529 	297
f 296 	303 	455
f 308 	546 	307
f 523 	550 	540
f 540 	550 	539
f 537 	538 	535
f 592 	537 	535
f 539 	550 	536
f 309 	546 	308
f 534 	307 	546
f 546 	542 	534
f 530 	546 	298
f 545 	534 	542
f 7 	545 	542
f 544 	541 	542
f 547 	541 	544
f 548 	541 	547
f 541 	5 	542
f 7 	542 	5
f 553 	554 	452
f 86 	698 	87
f 536 	550 	535
f 551 	535 	550
f 424 	934 	422
f 525 	522 	558
f 524 	525 	557
f 558 	557 	525
f 424 	426 	935
f 550 	523 	549
f 557 	549 	524
f 559 	558 	522
f 556 	559 	522
f 934 	424 	935
f 555 	526 	449
f 449 	452 	554
f 554 	555 	449
f 567 	568 	447
f 568 	575 	563
f 560 	447 	563
f 577 	578 	563
f 570 	511 	571
f 569 	448 	570
f 430 	429 	441
f 574 	507 	573
f 572 	512 	574
f 572 	571 	512
f 433 	430 	441
f 568 	563 	447
f 575 	577 	563
f 566 	579 	565
f 565 	562 	566
f 562 	563 	576
f 576 	566 	562
f 567 	448 	569
f 932 	421 	434
f 719 	106 	721
f 421 	831 	342
f 244 	846 	805
f 429 	423 	441
f 941 	441 	423
f 423 	422 	941
f 580 	585 	579
f 585 	581 	579
f 581 	582 	579
f 579 	582 	586
f 579 	586 	587
f 579 	587 	588
f 579 	588 	589
f 579 	589 	583
f 583 	584 	579
f 578 	576 	563
f 579 	584 	564
f 564 	565 	579
f 914 	354 	364
f 446 	448 	1010
f 455 	1020 	449
f 592 	535 	590
f 551 	552 	535
f 590 	535 	552
f 449 	1013 	452
f 1017 	452 	1013
f 614 	615 	613
f 612 	613 	615
f 611 	612 	615
f 610 	611 	615
f 616 	508 	615
f 573 	508 	616
f 514 	515 	615
f 609 	615 	515
f 610 	615 	609
f 1014 	450 	451
f 1017 	1016 	452
f 452 	1016 	453
f 368 	956 	369
f 328 	618 	617
f 956 	370 	369
f 617 	325 	328
f 128 	127 	731
f 1020 	1013 	449
f 116 	723 	117
f 619 	620 	164
f 250 	845 	844
f 620 	165 	164
f 623 	667 	683
f 136 	736 	137
f 629 	593 	628
f 628 	593 	627
f 627 	593 	626
f 631 	632 	630
f 629 	630 	632
f 629 	632 	633
f 629 	633 	634
f 597 	600 	625
f 625 	626 	597
f 637 	638 	636
f 735 	715 	640
f 645 	658 	644
f 639 	640 	656
f 715 	656 	640
f 916 	355 	356
f 356 	354 	916
f 658 	660 	648
f 653 	658 	652
f 648 	652 	658
f 644 	658 	653
f 654 	658 	645
f 650 	658 	654
f 646 	648 	660
f 651 	656 	650
f 642 	735 	640
f 658 	650 	656
f 635 	638 	661
f 660 	661 	638
f 638 	646 	660
f 635 	636 	638
f 663 	680 	666
f 666 	680 	665
f 681 	673 	680
f 8 	486 	16
f 669 	683 	667
f 672 	683 	669
f 673 	682 	672
f 622 	623 	683
f 665 	680 	673
f 682 	673 	681
f 683 	674 	622
f 674 	675 	622
f 621 	622 	675
f 676 	677 	675
f 678 	675 	677
f 621 	675 	678
f 683 	672 	682
f 624 	625 	600
f 663 	687 	680
f 680 	687 	694
f 686 	694 	685
f 685 	694 	687
f 694 	679 	680
f 359 	688 	463
f 599 	595 	684
f 362 	361 	688
f 694 	686 	691
f 694 	691 	690
f 689 	595 	690
f 694 	789 	693
f 692 	790 	642
f 679 	694 	693
f 693 	790 	692
f 361 	363 	688
f 696 	711 	719
f 359 	362 	688
f 906 	312 	901
f 903 	314 	313
f 256 	245 	804
f 843 	251 	250
f 843 	254 	251
f 379 	380 	962
f 967 	962 	380
f 963 	382 	381
f 699 	700 	698
f 697 	698 	700
f 697 	700 	701
f 697 	701 	702
f 697 	702 	703
f 704 	716 	703
f 705 	722 	704
f 695 	721 	705
f 717 	703 	716
f 382 	967 	380
f 712 	735 	711
f 735 	718 	711
f 696 	721 	695
f 714 	735 	713
f 715 	735 	714
f 651 	639 	656
f 736 	834 	731
f 719 	711 	718
f 716 	704 	722
f 697 	703 	717
f 722 	705 	721
f 721 	696 	719
f 720 	718 	735
f 726 	811 	725
f 724 	725 	809
f 810 	809 	725
f 811 	810 	725
f 723 	920 	726
f 729 	724 	809
f 732 	735 	731
f 738 	736 	731
f 373 	961 	381
f 257 	804 	803
f 965 	386 	385
f 245 	837 	804
f 254 	847 	846
f 978 	394 	393
f 973 	390 	386
f 805 	837 	244
f 975 	400 	399
f 247 	258 	838
f 838 	842 	247
f 249 	247 	842
f 513 	841 	840
f 864 	869 	543
f 278 	543 	869
f 841 	513 	733
f 256 	804 	257
f 846 	244 	255
f 842 	248 	249
f 406 	402 	985
f 713 	735 	712
f 720 	735 	732
f 403 	985 	402
f 735 	642 	734
f 844 	843 	250
f 734 	642 	781
f 258 	848 	838
f 848 	258 	259
f 9 	15 	1039
f 246 	248 	733
f 262 	261 	851
f 853 	263 	851
f 851 	263 	262
f 733 	252 	246
f 253 	733 	513
f 263 	853 	854
f 733 	253 	252
f 855 	856 	269
f 253 	513 	845
f 487 	1047 	1050
f 269 	856 	270
f 861 	270 	856
f 250 	253 	845
f 255 	254 	846
f 1001 	1002 	827
f 850 	259 	260
f 271 	270 	860
f 272 	859 	261
f 862 	267 	280
f 264 	854 	260
f 264 	263 	854
f 419 	1008 	1005
f 417 	1007 	1008
f 462 	1029 	1027
f 462 	1030 	1029
f 467 	471 	1033
f 1032 	466 	465
f 272 	271 	859
f 1032 	465 	1033
f 467 	1033 	465
f 978 	395 	394
f 867 	276 	279
f 269 	268 	855
f 1035 	472 	468
f 268 	857 	855
f 476 	478 	1040
f 857 	266 	265
f 624 	62 	25
f 268 	266 	857
f 1041 	1040 	478
f 861 	860 	270
f 271 	860 	859
f 481 	1044 	1043
f 862 	265 	267
f 866 	280 	277
f 863 	864 	543
f 1049 	488 	1050
f 487 	1050 	488
f 274 	273 	737
f 397 	396 	971
f 543 	278 	737
f 275 	274 	737
f 278 	275 	737
f 277 	276 	866
f 867 	866 	276
f 869 	279 	278
f 977 	399 	398
f 398 	397 	977
f 883 	292 	291
f 499 	1062 	1061
f 1061 	500 	499
f 286 	284 	879
f 878 	285 	879
f 986 	405 	404
f 1030 	462 	464
f 834 	833 	730
f 1030 	464 	1028
f 593 	629 	591
f 889 	299 	890
f 597 	626 	593
f 598 	591 	629
f 600 	599 	684
f 634 	598 	629
f 694 	690 	595
f 689 	684 	595
f 684 	624 	600
f 603 	694 	601
f 602 	694 	603
f 664 	668 	605
f 647 	649 	641
f 607 	662 	608
f 608 	662 	606
f 664 	606 	662
f 607 	641 	662
f 604 	605 	668
f 605 	606 	664
f 619 	647 	641
f 643 	620 	641
f 619 	641 	620
f 662 	641 	659
f 878 	281 	285
f 659 	641 	655
f 655 	641 	649
f 875 	284 	283
f 708 	604 	706
f 706 	604 	668
f 707 	604 	708
f 875 	879 	284
f 671 	694 	707
f 670 	694 	671
f 629 	21 	31
f 709 	694 	670
f 286 	879 	285
f 657 	694 	709
f 883 	293 	292
f 755 	756 	743
f 760 	694 	767
f 779 	881 	949
f 745 	746 	743
f 744 	745 	743
f 746 	747 	743
f 747 	748 	743
f 748 	754 	743
f 753 	752 	743
f 752 	755 	743
f 756 	751 	743
f 294 	885 	884
f 888 	887 	298
f 309 	898 	298
f 626 	24 	23
f 1081 	519 	518
f 22 	626 	23
f 301 	890 	299
f 885 	294 	892
f 894 	304 	303
f 472 	1035 	473
f 1036 	1033 	471
f 888 	298 	898
f 1036 	471 	420
f 309 	308 	898
f 474 	1038 	1037
f 900 	307 	534
f 496 	1054 	1065
f 901 	312 	311
f 904 	903 	313
f 313 	299 	904
f 889 	904 	299
f 495 	1058 	1055
f 497 	1064 	1063
f 294 	302 	892
f 1058 	495 	494
f 302 	304 	892
f 1056 	494 	493
f 1065 	1064 	497
f 1065 	497 	496
f 287 	779 	283
f 289 	288 	779
f 779 	287 	289
f 293 	779 	288
f 31 	30 	629
f 295 	294 	884
f 296 	297 	887
f 887 	297 	298
f 481 	482 	1045
f 482 	1046 	1045
f 300 	295 	891
f 884 	891 	295
f 488 	1049 	1046
f 891 	301 	300
f 234 	791 	792
f 485 	484 	1047
f 894 	892 	304
f 793 	233 	232
f 1047 	487 	485
f 792 	793 	232
f 896 	306 	305
f 233 	793 	797
f 900 	308 	307
f 907 	315 	903
f 314 	903 	315
f 799 	20 	797
f 896 	305 	317
f 906 	317 	316
f 316 	312 	906
f 800 	801 	242
f 243 	242 	801
f 242 	803 	800
f 500 	1061 	1060
f 993 	408 	412
f 753 	743 	754
f 751 	750 	741
f 741 	743 	751
f 740 	741 	750
f 750 	763 	740
f 739 	740 	763
f 763 	767 	739
f 635 	36 	35
f 827 	993 	412
f 759 	694 	761
f 762 	761 	694
f 757 	841 	759
f 764 	844 	766
f 749 	843 	765
f 694 	595 	594
f 694 	594 	596
f 596 	601 	694
f 604 	707 	602
f 657 	742 	694
f 742 	767 	694
f 742 	739 	767
f 694 	602 	707
f 758 	694 	760
f 762 	694 	758
f 766 	845 	757
f 770 	694 	769
f 768 	694 	770
f 776 	838 	771
f 775 	838 	776
f 774 	838 	775
f 772 	838 	777
f 771 	838 	772
f 777 	838 	778
f 848 	778 	838
f 773 	694 	774
f 769 	694 	773
f 838 	774 	694
f 694 	768 	780
f 694 	780 	784
f 784 	783 	694
f 415 	409 	1004
f 782 	694 	783
f 1005 	420 	419
f 786 	694 	782
f 1073 	1069 	506
f 790 	693 	788
f 788 	693 	789
f 787 	789 	694
f 781 	642 	790
f 694 	786 	785
f 785 	787 	694
f 848 	849 	791
f 506 	1070 	1073
f 791 	849 	792
f 514 	1074 	1076
f 778 	848 	794
f 791 	794 	848
f 793 	792 	836
f 797 	793 	836
f 798 	836 	795
f 799 	836 	798
f 661 	660 	44
f 635 	661 	44
f 644 	37 	3
f 971 	977 	397
f 974 	387 	388
f 975 	388 	400
f 652 	40 	6
f 391 	390 	982
f 973 	982 	390
f 401 	974 	983
f 799 	797 	836
f 796 	795 	836
f 983 	403 	401
f 801 	800 	803
f 803 	804 	801
f 694 	841 	842
f 842 	838 	694
f 845 	766 	844
f 245 	244 	837
f 765 	843 	764
f 840 	757 	839
f 804 	837 	801
f 749 	801 	837
f 837 	805 	749
f 749 	805 	846
f 749 	846 	847
f 749 	847 	843
f 844 	764 	843
f 839 	757 	845
f 841 	757 	840
f 836 	792 	849
f 694 	759 	841
f 513 	840 	839
f 859 	858 	852
f 862 	870 	852
f 851 	869 	853
f 841 	733 	248
f 1079 	516 	1080
f 254 	843 	847
f 827 	412 	895
f 845 	513 	839
f 1004 	416 	415
f 848 	259 	849
f 849 	259 	850
f 261 	859 	852
f 418 	1008 	419
f 261 	852 	851
f 1008 	418 	417
f 1069 	504 	506
f 854 	853 	836
f 850 	854 	836
f 849 	850 	836
f 18 	621 	52
f 974 	401 	387
f 861 	858 	860
f 855 	857 	856
f 861 	856 	858
f 858 	856 	857
f 859 	860 	858
f 858 	862 	852
f 1076 	1078 	514
f 836 	853 	871
f 865 	871 	853
f 851 	852 	869
f 866 	867 	852
f 867 	868 	852
f 868 	869 	852
f 870 	866 	852
f 864 	863 	853
f 869 	864 	853
f 865 	853 	863
f 391 	982 	392
f 872 	836 	871
f 836 	872 	878
f 836 	878 	879
f 836 	879 	875
f 876 	884 	875
f 882 	890 	877
f 889 	890 	881
f 904 	889 	881
f 1083 	518 	517
f 873 	904 	883
f 881 	883 	904
f 897 	904 	874
f 877 	891 	876
f 836 	875 	884
f 884 	885 	836
f 898 	1086 	888
f 882 	880 	890
f 891 	877 	890
f 884 	876 	891
f 894 	893 	1020
f 1019 	1016 	886
f 1095 	1019 	887
f 885 	892 	836
f 905 	904 	896
f 1098 	1086 	900
f 873 	874 	904
f 901 	902 	904
f 903 	904 	907
f 902 	907 	904
f 906 	901 	904
f 880 	881 	890
f 905 	906 	904
f 896 	904 	897
f 808 	806 	618
f 807 	618 	806
f 813 	920 	812
f 728 	729 	809
f 920 	813 	726
f 735 	738 	731
f 811 	726 	813
f 727 	728 	809
f 802 	727 	809
f 618 	802 	809
f 809 	808 	618
f 618 	807 	617
f 815 	920 	814
f 920 	926 	814
f 816 	920 	815
f 812 	920 	816
f 814 	925 	826
f 265 	858 	857
f 821 	823 	908
f 823 	820 	908
f 820 	819 	908
f 819 	817 	908
f 909 	908 	817
f 817 	818 	909
f 912 	909 	818
f 826 	912 	818
f 822 	821 	908
f 265 	862 	858
f 280 	870 	862
f 831 	932 	920
f 920 	723 	828
f 829 	828 	723
f 828 	831 	920
f 832 	830 	723
f 830 	829 	723
f 895 	414 	413
f 413 	411 	895
f 895 	412 	414
f 863 	543 	865
f 730 	731 	834
f 833 	832 	730
f 723 	730 	832
f 441 	929 	931
f 280 	866 	870
f 434 	441 	931
f 825 	824 	908
f 908 	911 	825
f 911 	910 	825
f 913 	825 	910
f 824 	822 	908
f 273 	282 	865
f 916 	914 	920
f 865 	737 	273
f 737 	865 	543
f 1060 	501 	500
f 279 	868 	867
f 279 	869 	868
f 871 	865 	282
f 281 	872 	282
f 871 	282 	872
f 441 	941 	943
f 943 	942 	441
f 290 	874 	291
f 873 	291 	874
f 434 	931 	932
f 291 	873 	883
f 872 	281 	878
f 876 	875 	283
f 779 	876 	283
f 946 	310 	947
f 1074 	508 	507
f 881 	779 	293
f 310 	946 	948
f 293 	883 	881
f 877 	876 	949
f 949 	881 	880
f 949 	880 	882
f 877 	949 	882
f 947 	310 	997
f 779 	949 	876
f 951 	952 	438
f 439 	438 	952
f 1079 	502 	516
f 681 	680 	59
f 893 	303 	886
f 886 	296 	887
f 301 	891 	890
f 63 	686 	64
f 65 	687 	51
f 969 	970 	395
f 687 	65 	685
f 64 	685 	65
f 918 	959 	919
f 921 	959 	918
f 917 	920 	921
f 919 	959 	924
f 69 	689 	690
f 972 	973 	386
f 72 	691 	686
f 923 	924 	958
f 959 	958 	924
f 922 	923 	958
f 926 	920 	914
f 981 	974 	388
f 71 	690 	72
f 912 	826 	925
f 917 	916 	920
f 925 	814 	926
f 975 	399 	976
f 692 	642 	74
f 74 	75 	692
f 977 	976 	399
f 938 	928 	956
f 955 	938 	956
f 978 	969 	395
f 939 	940 	958
f 940 	953 	958
f 954 	915 	958
f 915 	922 	958
f 953 	954 	958
f 927 	937 	958
f 956 	928 	958
f 927 	958 	928
f 392 	980 	979
f 296 	886 	303
f 981 	975 	964
f 981 	388 	975
f 966 	981 	964
f 894 	303 	893
f 920 	974 	967
f 392 	982 	980
f 306 	896 	897
f 961 	920 	963
f 897 	874 	306
f 290 	306 	874
f 937 	939 	958
f 968 	963 	920
f 967 	968 	920
f 959 	921 	961
f 920 	961 	921
f 920 	941 	1029
f 934 	935 	1029
f 962 	967 	974
f 898 	308 	899
f 308 	900 	899
f 975 	976 	965
f 981 	962 	974
f 311 	315 	907
f 902 	311 	907
f 970 	972 	971
f 976 	977 	972
f 971 	972 	977
f 972 	965 	976
f 978 	979 	969
f 979 	980 	969
f 980 	982 	969
f 982 	973 	969
f 972 	969 	973
f 965 	964 	975
f 969 	972 	970
f 962 	981 	966
f 905 	896 	317
f 317 	906 	905
f 901 	311 	902
f 438 	437 	951
f 950 	951 	437
f 952 	995 	439
f 997 	310 	999
f 999 	445 	998
f 983 	920 	984
f 974 	920 	983
f 985 	984 	920
f 443 	996 	998
f 985 	920 	989
f 444 	443 	998
f 310 	445 	999
f 950 	437 	1000
f 1031 	1032 	993
f 990 	993 	1032
f 986 	991 	1036
f 987 	1036 	988
f 986 	1036 	987
f 1004 	988 	1036
f 994 	1031 	993
f 1002 	1028 	994
f 1001 	1028 	1002
f 1003 	1007 	416
f 55 	675 	674
f 411 	1001 	895
f 410 	406 	992
f 1001 	411 	992
f 403 	983 	984
f 1000 	437 	446
f 1009 	447 	454
f 1011 	447 	1009
f 672 	48 	47
f 1000 	446 	1010
f 1083 	517 	521
f 693 	75 	57
f 1060 	521 	501
f 680 	57 	58
f 408 	993 	990
f 1004 	1036 	1003
f 674 	56 	55
f 1036 	1006 	1005
f 1036 	1005 	1008
f 1036 	1008 	1007
f 1036 	1007 	1003
f 930 	920 	929
f 1023 	1027 	944
f 945 	944 	1027
f 920 	943 	941
f 943 	920 	942
f 936 	942 	920
f 663 	389 	51
f 1001 	827 	895
f 920 	932 	931
f 931 	929 	920
f 930 	936 	920
f 989 	992 	406
f 468 	1057 	710
f 1012 	389 	663
f 1027 	1029 	945
f 410 	992 	411
f 1012 	47 	389
f 948 	1044 	944
f 666 	1012 	663
f 935 	933 	1029
f 933 	945 	1029
f 406 	985 	989
f 947 	1043 	946
f 403 	984 	985
f 946 	1044 	948
f 950 	1000 	1019
f 405 	986 	987
f 997 	1043 	947
f 987 	988 	405
f 48 	672 	45
f 952 	951 	1073
f 1045 	1023 	944
f 998 	1042 	999
f 996 	1042 	998
f 999 	1043 	997
f 407 	408 	991
f 990 	991 	408
f 407 	991 	986
f 1009 	1019 	1011
f 1018 	1019 	1009
f 1011 	1019 	1010
f 1010 	1019 	1000
f 951 	950 	1073
f 1019 	1073 	950
f 58 	59 	680
f 447 	1011 	448
f 59 	61 	681
f 682 	681 	61
f 1017 	886 	1016
f 674 	60 	56
f 1020 	836 	894
f 1013 	886 	1017
f 827 	994 	993
f 827 	1002 	994
f 1014 	1015 	1019
f 1015 	1016 	1019
f 685 	64 	686
f 417 	416 	1007
f 1014 	1019 	1018
f 893 	886 	1013
f 892 	894 	836
f 1003 	416 	1004
f 1013 	1020 	893
f 1021 	836 	1020
f 796 	836 	1021
f 1005 	1006 	420
f 69 	690 	71
f 1070 	1068 	995
f 995 	952 	1070
f 995 	1042 	996
f 68 	73 	1019
f 686 	63 	72
f 691 	72 	690
f 1045 	1022 	1023
f 941 	934 	1029
f 693 	692 	75
f 1026 	1022 	1045
f 1025 	1026 	1045
f 989 	920 	992
f 451 	1015 	1014
f 1001 	992 	1030
f 1029 	1030 	920
f 453 	1016 	1015
f 1028 	1001 	1030
f 1030 	992 	920
f 1031 	994 	1028
f 1015 	451 	453
f 1036 	991 	1033
f 991 	990 	1033
f 1032 	1033 	990
f 479 	481 	1043
f 1046 	1049 	1035
f 1024 	1046 	1035
f 1034 	1035 	1049
f 450 	1014 	1018
f 1037 	1038 	1049
f 454 	450 	1018
f 1038 	1034 	1049
f 1018 	1009 	454
f 1043 	999 	1042
f 1045 	944 	1044
f 1046 	1024 	1045
f 1044 	946 	1043
f 9 	1039 	1048
f 1041 	1037 	1049
f 1040 	1041 	1049
f 1024 	1025 	1045
f 1039 	1040 	1049
f 1049 	1050 	1039
f 1050 	1047 	1039
f 1047 	1048 	1039
f 1051 	8 	1048
f 9 	1048 	8
f 1048 	484 	486
f 695 	81 	80
f 1058 	1059 	1080
f 995 	1068 	1053
f 1059 	1056 	1079
f 1027 	458 	460
f 462 	1027 	460
f 1063 	1064 	1080
f 1065 	1054 	1080
f 1064 	1065 	1080
f 1054 	1055 	1080
f 1055 	1058 	1080
f 1079 	1080 	1059
f 1067 	1079 	1056
f 1052 	1067 	1056
f 1042 	995 	1053
f 1062 	1063 	1080
f 461 	1028 	464
f 699 	86 	85
f 1080 	1081 	1062
f 1122 	1131 	1123
f 1068 	1067 	1053
f 1072 	76 	1071
f 1073 	1019 	1069
f 85 	84 	699
f 700 	699 	84
f 1071 	76 	1066
f 1072 	1069 	1019
f 1070 	952 	1073
f 1052 	1053 	1067
f 1028 	461 	466
f 1057 	470 	469
f 1057 	468 	470
f 469 	459 	1057
f 710 	1026 	1025
f 721 	113 	722
f 113 	721 	106
f 468 	710 	1024
f 1025 	1024 	710
f 710 	1022 	1026
f 710 	1057 	1022
f 1022 	1057 	459
f 458 	1023 	459
f 1022 	459 	1023
f 458 	1027 	1023
f 727 	124 	728
f 123 	729 	728
f 1077 	88 	1075
f 1019 	73 	1072
f 466 	1032 	1031
f 1031 	1028 	466
f 473 	1035 	1034
f 1082 	1083 	1060
f 1081 	1082 	1060
f 1084 	1060 	1083
f 1060 	1061 	1081
f 1061 	1062 	1081
f 468 	1024 	1035
f 1034 	1038 	473
f 474 	473 	1038
f 1106 	130 	1088
f 1107 	1108 	1088
f 1088 	1112 	1087
f 1087 	1115 	1089
f 1089 	1121 	1085
f 565 	1127 	1126
f 1093 	887 	1092
f 1092 	887 	1086
f 8 	1051 	486
f 1094 	887 	1093
f 109 	720 	127
f 568 	66 	67
f 476 	1040 	1039
f 899 	1086 	898
f 1095 	887 	1094
f 726 	725 	117
f 478 	1037 	1041
f 1096 	1019 	1095
f 1091 	1019 	1096
f 888 	1086 	887
f 886 	887 	1019
f 118 	725 	119
f 480 	1043 	1042
f 122 	119 	729
f 727 	802 	124
f 1102 	1103 	1099
f 1103 	1100 	1099
f 1100 	1101 	1099
f 1101 	1104 	1099
f 1104 	1086 	1099
f 1 	1099 	1086
f 900 	1086 	899
f 1098 	1097 	1086
f 2 	1086 	1097
f 1 	1086 	2
f 481 	1045 	1044
f 123 	728 	124
f 1105 	1088 	1108
f 1106 	1088 	1105
f 1110 	130 	1109
f 1111 	1088 	1114
f 1112 	1088 	1111
f 1114 	1088 	1113
f 1051 	1048 	486
f 1118 	1019 	1117
f 1117 	1019 	1116
f 1120 	1019 	1118
f 499 	1063 	1062
f 1115 	1087 	1112
f 1121 	1089 	1115
f 1122 	1085 	1121
f 1123 	1085 	1122
f 1123 	1116 	1090
f 1090 	1085 	1123
f 568 	67 	575
f 1090 	1116 	1019
f 1119 	1019 	1120
f 1124 	1019 	1119
f 1091 	1090 	1019
f 489 	1053 	1052
f 1042 	1053 	480
f 489 	480 	1053
f 128 	731 	730
f 695 	705 	81
f 89 	81 	705
f 700 	84 	94
f 1059 	1058 	494
f 1056 	1059 	494
f 91 	89 	705
f 583 	125 	121
f 96 	712 	95
f 713 	712 	98
f 96 	98 	712
f 713 	98 	99
f 592 	590 	132
f 592 	132 	1110
f 719 	107 	106
f 524 	523 	1087
f 1125 	79 	1124
f 120 	111 	1127
f 68 	1019 	66
f 79 	1125 	70
f 730 	116 	126
f 730 	126 	128
f 720 	109 	107
f 1060 	1084 	521
f 722 	112 	104
f 722 	113 	112
f 474 	1037 	475
f 476 	1039 	477
f 477 	1039 	15
f 1037 	478 	475
f 1043 	480 	479
f 724 	729 	119
f 76 	1072 	73
f 122 	729 	123
f 97 	1077 	76
f 1 	5 	541
f 83 	1124 	82
f 82 	1124 	79
f 1066 	76 	1077
f 90 	1075 	88
f 147 	1074 	90
f 88 	1077 	97
f 1124 	77 	1019
f 67 	66 	1019
f 1126 	70 	1125
f 77 	1124 	83
f 67 	1019 	77
f 111 	120 	108
f 331 	323 	816
f 121 	102 	120
f 125 	101 	121
f 101 	102 	121
f 120 	102 	105
f 120 	105 	115
f 115 	114 	120
f 120 	114 	110
f 120 	110 	108
f 70 	1126 	111
f 1127 	111 	1126
f 1113 	1088 	130
f 1106 	1109 	130
f 132 	130 	1110
f 149 	140 	148
f 140 	139 	148
f 147 	148 	139
f 147 	139 	141
f 138 	133 	147
f 133 	1078 	147
f 1078 	1076 	147
f 1074 	147 	1076
f 1075 	90 	1074
f 141 	138 	147
f 684 	62 	624
f 326 	617 	807
f 636 	635 	35
f 637 	636 	35
f 135 	736 	136
f 1109 	538 	1110
f 483 	1046 	482
f 1046 	483 	488
f 816 	815 	331
f 1048 	1047 	484
f 654 	3 	4
f 335 	819 	820
f 335 	820 	823
f 164 	163 	647
f 647 	163 	167
f 502 	1079 	1067
f 502 	1067 	503
f 1068 	503 	1067
f 1068 	1070 	503
f 39 	652 	648
f 960 	1071 	1066
f 1072 	960 	1129
f 960 	1072 	1071
f 130 	590 	1113
f 1075 	1074 	507
f 512 	1077 	507
f 1075 	507 	1077
f 43 	44 	660
f 560 	1124 	1119
f 835 	640 	639
f 835 	639 	651
f 512 	960 	1077
f 1066 	1077 	960
f 644 	3 	645
f 337 	823 	821
f 645 	3 	654
f 38 	39 	646
f 648 	646 	39
f 1063 	499 	498
f 652 	6 	653
f 830 	345 	829
f 6 	644 	653
f 835 	651 	650
f 4 	650 	654
f 1081 	518 	1082
f 646 	638 	38
f 640 	10 	642
f 1084 	1083 	521
f 1063 	498 	497
f 518 	1083 	1082
f 656 	100 	41
f 41 	658 	656
f 635 	44 	36
f 74 	642 	11
f 1087 	523 	1088
f 505 	503 	1070
f 344 	829 	345
f 642 	10 	11
f 834 	736 	135
f 504 	1069 	1072
f 835 	650 	32
f 620 	643 	165
f 640 	12 	10
f 43 	660 	658
f 637 	35 	34
f 637 	34 	638
f 33 	638 	34
f 32 	650 	4
f 835 	32 	12
f 652 	39 	40
f 77 	575 	67
f 588 	587 	101
f 365 	925 	926
f 566 	70 	111
f 594 	146 	145
f 120 	584 	121
f 375 	374 	953
f 1081 	1080 	519
f 520 	519 	1080
f 526 	1085 	1090
f 162 	643 	641
f 523 	1107 	1088
f 1091 	526 	1090
f 1130 	1093 	1092
f 533 	1095 	1094
f 534 	1097 	1098
f 900 	534 	1098
f 175 	174 	671
f 1072 	1129 	511
f 1 	541 	1099
f 511 	504 	1072
f 1099 	541 	1102
f 505 	1070 	506
f 1078 	515 	514
f 544 	1100 	1103
f 544 	542 	1100
f 1101 	1100 	542
f 1104 	1101 	542
f 539 	1108 	1107
f 1108 	539 	1105
f 1105 	536 	1106
f 535 	1106 	536
f 535 	1109 	1106
f 536 	1105 	539
f 1114 	1113 	551
f 520 	1080 	516
f 53 	677 	676
f 1054 	496 	492
f 489 	1052 	490
f 553 	1120 	1118
f 1056 	493 	1052
f 490 	1052 	493
f 492 	491 	1054
f 1055 	1054 	491
f 1055 	491 	495
f 53 	52 	677
f 1114 	551 	1111
f 188 	187 	744
f 676 	54 	53
f 193 	752 	753
f 1012 	666 	665
f 754 	197 	753
f 45 	669 	46
f 667 	46 	669
f 45 	672 	669
f 676 	675 	54
f 55 	54 	675
f 672 	47 	673
f 47 	1012 	673
f 665 	673 	1012
f 678 	677 	52
f 52 	621 	678
f 679 	57 	680
f 921 	363 	917
f 683 	682 	60
f 60 	674 	683
f 152 	599 	600
f 663 	51 	687
f 684 	689 	62
f 679 	693 	57
f 696 	695 	80
f 95 	711 	80
f 551 	1113 	552
f 375 	953 	940
f 591 	144 	593
f 94 	701 	700
f 702 	701 	93
f 94 	93 	701
f 91 	705 	704
f 1117 	554 	1118
f 697 	87 	698
f 1117 	1116 	555
f 699 	698 	86
f 703 	702 	92
f 93 	92 	702
f 92 	704 	703
f 144 	591 	598
f 696 	80 	711
f 95 	712 	711
f 162 	641 	607
f 714 	713 	99
f 99 	100 	714
f 715 	714 	100
f 100 	656 	715
f 1122 	1121 	1131
f 386 	965 	972
f 327 	124 	802
f 326 	807 	806
f 810 	811 	321
f 170 	169 	659
f 70 	566 	79
f 1128 	177 	176
f 323 	813 	812
f 172 	177 	1128
f 324 	322 	813
f 172 	1128 	957
f 809 	810 	321
f 618 	328 	802
f 327 	802 	328
f 176 	178 	1128
f 812 	816 	323
f 1132 	77 	83
f 337 	821 	822
f 87 	697 	103
f 571 	97 	76
f 339 	822 	824
f 824 	825 	339
f 826 	334 	814
f 640 	835 	12
f 318 	326 	806
f 809 	320 	808
f 319 	808 	320
f 806 	808 	318
f 319 	318 	808
f 638 	33 	38
f 811 	322 	321
f 813 	323 	324
f 658 	41 	42
f 811 	813 	322
f 181 	180 	739
f 658 	42 	43
f 809 	321 	320
f 329 	814 	334
f 739 	183 	181
f 330 	815 	329
f 814 	329 	815
f 332 	341 	817
f 644 	6 	37
f 341 	818 	817
f 333 	332 	819
f 817 	819 	332
f 335 	333 	819
f 166 	165 	643
f 822 	338 	337
f 335 	823 	336
f 338 	822 	339
f 825 	340 	339
f 823 	337 	336
f 826 	818 	334
f 341 	334 	818
f 913 	353 	825
f 340 	825 	353
f 829 	344 	828
f 343 	342 	828
f 343 	828 	344
f 828 	342 	831
f 830 	832 	346
f 118 	117 	725
f 346 	345 	830
f 203 	761 	762
f 170 	659 	171
f 209 	763 	191
f 510 	509 	1129
f 764 	207 	206
f 832 	833 	346
f 347 	346 	833
f 347 	833 	834
f 749 	206 	190
f 834 	135 	347
f 512 	510 	1129
f 925 	365 	349
f 764 	205 	207
f 209 	208 	763
f 767 	763 	208
f 511 	1129 	509
f 350 	910 	911
f 706 	957 	708
f 767 	208 	201
f 349 	348 	912
f 514 	508 	1074
f 214 	768 	212
f 512 	1129 	960
f 1078 	609 	515
f 212 	769 	213
f 917 	363 	355
f 355 	916 	917
f 216 	215 	772
f 769 	773 	213
f 716 	104 	717
f 103 	717 	104
f 107 	719 	718
f 922 	357 	923
f 718 	720 	107
f 360 	359 	923
f 722 	104 	716
f 772 	210 	216
f 926 	364 	365
f 377 	927 	928
f 377 	928 	378
f 717 	103 	697
f 524 	1087 	1089
f 377 	376 	927
f 937 	927 	376
f 371 	928 	938
f 928 	371 	378
f 116 	730 	723
f 768 	214 	222
f 367 	939 	376
f 939 	937 	376
f 527 	526 	1091
f 366 	940 	367
f 939 	367 	940
f 724 	119 	725
f 1096 	1095 	528
f 375 	940 	366
f 726 	117 	723
f 954 	953 	374
f 780 	222 	221
f 1091 	1096 	527
f 528 	527 	1096
f 938 	955 	371
f 368 	955 	956
f 370 	956 	958
f 373 	372 	961
f 959 	961 	372
f 790 	224 	223
f 1130 	1092 	1086
f 732 	731 	127
f 958 	959 	370
f 372 	370 	959
f 1130 	1094 	1093
f 127 	720 	732
f 1094 	1133 	533
f 352 	908 	348
f 909 	348 	908
f 131 	734 	781
f 911 	351 	350
f 131 	134 	734
f 351 	911 	352
f 908 	352 	911
f 738 	137 	736
f 913 	910 	353
f 709 	670 	174
f 909 	912 	348
f 912 	925 	349
f 350 	353 	910
f 143 	593 	144
f 146 	594 	595
f 358 	915 	374
f 954 	374 	915
f 204 	231 	230
f 601 	596 	142
f 354 	914 	916
f 204 	230 	227
f 151 	146 	599
f 546 	1086 	1104
f 204 	228 	231
f 919 	463 	918
f 1104 	542 	546
f 600 	597 	152
f 153 	152 	597
f 359 	463 	924
f 919 	924 	463
f 592 	1110 	537
f 155 	602 	156
f 688 	921 	463
f 134 	735 	734
f 137 	738 	134
f 735 	134 	738
f 921 	688 	363
f 154 	156 	601
f 463 	921 	918
f 922 	915 	357
f 358 	357 	915
f 360 	923 	357
f 598 	150 	144
f 924 	923 	359
f 2 	1097 	7
f 594 	145 	142
f 596 	594 	142
f 1102 	541 	548
f 22 	21 	627
f 547 	1103 	548
f 1102 	548 	1103
f 153 	597 	143
f 593 	143 	597
f 1103 	547 	544
f 598 	26 	150
f 28 	27 	632
f 599 	152 	151
f 595 	599 	146
f 607 	159 	162
f 601 	142 	154
f 603 	156 	602
f 602 	155 	604
f 157 	604 	155
f 603 	601 	156
f 157 	158 	604
f 605 	604 	158
f 19 	46 	623
f 161 	606 	158
f 605 	158 	606
f 159 	607 	160
f 608 	160 	607
f 608 	606 	160
f 161 	160 	606
f 166 	643 	162
f 164 	647 	619
f 167 	649 	647
f 21 	629 	628
f 30 	29 	630
f 631 	29 	632
f 555 	1116 	1123
f 26 	598 	634
f 17 	622 	18
f 172 	668 	173
f 19 	623 	622
f 667 	623 	46
f 706 	668 	957
f 707 	957 	1128
f 626 	625 	24
f 25 	24 	624
f 625 	624 	24
f 707 	708 	957
f 628 	627 	21
f 560 	1119 	1120
f 22 	627 	626
f 175 	671 	707
f 633 	632 	27
f 631 	630 	29
f 28 	632 	29
f 634 	633 	26
f 27 	26 	633
f 30 	630 	629
f 167 	171 	649
f 655 	649 	171
f 621 	18 	622
f 622 	17 	19
f 742 	657 	183
f 655 	171 	659
f 662 	659 	169
f 553 	1118 	554
f 662 	169 	664
f 173 	664 	169
f 664 	173 	668
f 670 	671 	174
f 172 	957 	668
f 1123 	556 	555
f 178 	707 	1128
f 178 	175 	707
f 1121 	1115 	1131
f 174 	179 	709
f 709 	179 	657
f 168 	657 	179
f 747 	184 	748
f 168 	183 	657
f 739 	742 	183
f 188 	744 	743
f 751 	196 	750
f 193 	753 	197
f 194 	756 	755
f 748 	184 	754
f 195 	755 	192
f 746 	186 	185
f 746 	185 	747
f 185 	184 	747
f 740 	739 	180
f 182 	741 	180
f 740 	180 	741
f 741 	182 	743
f 189 	743 	182
f 188 	743 	189
f 745 	744 	187
f 187 	186 	746
f 187 	746 	745
f 243 	801 	749
f 190 	243 	749
f 750 	191 	763
f 191 	750 	196
f 193 	192 	752
f 192 	755 	752
f 195 	194 	755
f 756 	194 	751
f 196 	751 	194
f 197 	754 	184
f 205 	766 	199
f 198 	762 	758
f 759 	200 	757
f 199 	757 	200
f 760 	201 	758
f 198 	758 	201
f 759 	761 	200
f 203 	200 	761
f 574 	573 	88
f 616 	147 	573
f 764 	206 	765
f 206 	749 	765
f 757 	199 	766
f 205 	764 	766
f 201 	760 	767
f 77 	1135 	575
f 102 	101 	587
f 587 	105 	102
f 110 	585 	108
f 581 	114 	582
f 219 	218 	775
f 771 	220 	776
f 105 	586 	115
f 585 	110 	581
f 780 	768 	222
f 225 	783 	784
f 1117 	555 	554
f 790 	204 	224
f 238 	778 	794
f 778 	238 	211
f 769 	212 	770
f 212 	768 	770
f 220 	771 	215
f 774 	218 	773
f 217 	213 	773
f 218 	217 	773
f 774 	775 	218
f 776 	220 	219
f 776 	219 	775
f 210 	772 	777
f 778 	211 	210
f 565 	1126 	1125
f 777 	778 	210
f 221 	784 	780
f 781 	790 	223
f 781 	223 	131
f 782 	783 	228
f 1112 	549 	1115
f 221 	225 	784
f 228 	204 	782
f 557 	1131 	1115
f 563 	1125 	1124
f 1124 	560 	563
f 76 	73 	571
f 90 	88 	573
f 77 	1132 	1135
f 576 	1132 	79
f 83 	82 	1132
f 583 	121 	584
f 120 	1127 	584
f 552 	1113 	590
f 130 	132 	590
f 525 	1089 	522
f 1085 	522 	1089
f 1085 	526 	522
f 1089 	525 	524
f 529 	528 	1095
f 1133 	532 	531
f 530 	1086 	546
f 1133 	530 	532
f 531 	533 	1133
f 529 	1095 	533
f 1133 	1130 	530
f 1094 	1130 	1133
f 1130 	1086 	530
f 1097 	534 	545
f 545 	7 	1097
f 1107 	540 	539
f 535 	538 	1109
f 537 	1110 	538
f 540 	1107 	523
f 557 	1115 	549
f 1125 	562 	565
f 550 	549 	1111
f 1125 	563 	562
f 73 	570 	571
f 88 	97 	574
f 82 	79 	1132
f 105 	587 	586
f 108 	580 	111
f 566 	111 	579
f 115 	582 	114
f 582 	115 	586
f 114 	581 	110
f 588 	101 	125
f 1112 	1111 	549
f 557 	1134 	1131
f 561 	560 	1120
f 565 	564 	1127
f 564 	584 	1127
f 1111 	551 	550
f 1134 	558 	559
f 1123 	1134 	556
f 556 	1134 	559
f 557 	558 	1134
f 1123 	1131 	1134
f 561 	1120 	553
f 66 	568 	567
f 66 	567 	68
f 569 	68 	567
f 68 	569 	570
f 73 	68 	570
f 97 	571 	572
f 97 	572 	574
f 1135 	578 	577
f 576 	1135 	1132
f 79 	566 	576
f 1135 	576 	578
f 577 	575 	1135
f 580 	108 	585
f 579 	111 	580
f 589 	125 	583
f 589 	588 	125
f 1078 	133 	609
f 610 	609 	133
f 90 	573 	147
f 149 	615 	614
f 616 	615 	147
f 614 	613 	149
# 2270 faces

 #end of obj_0

