# Object Export From Tinkercad Server 2015

mtllib obj.mtl

o obj_0
v 50.706 		24.83 		17.934
v 42.67 		22.5 		18.66
v 46.205 		13.964 		17.934
v 39.989 		27.011 		11.305
v 56.16 		21.206 		6.173
v 50.044 		25.272 		17.934
v 47 		13.912 		17.934
v 39.134 		26.036 		11.305
v 47.17 		21.294 		0.086
v 42.381 		21.913 		18.66
v 49.33 		25.624 		17.934
v 55.924 		22.391 		6.173
v 56.33 		22.5 		7.412
v 38.414 		24.957 		11.305
v 45.17 		13.17 		17.071
v 47 		10.341 		12.588
v 55.536 		23.536 		6.173
v 42.17 		21.294 		18.66
v 55.924 		23.696 		7.412
v 52 		25 		17.071
v 38.464 		23.536 		6.173
v 38.076 		22.391 		6.173
v 45.424 		14.12 		17.934
v 47.923 		20.923 		0.086
v 46.077 		12.989 		17.071
v 42.043 		20.653 		18.66
v 41.39 		14.39 		16.088
v 47.653 		21.13 		0.086
v 37.67 		22.5 		7.412
v 37.84 		21.206 		6.173
v 47 		12.929 		17.071
v 42.17 		13.706 		16.088
v 51.305 		25.61 		17.071
v 41.376 		22.33 		17.934
v 46.33 		22.5 		0.341
v 50.536 		26.124 		17.071
v 43.033 		13.129 		16.088
v 41.12 		21.576 		17.934
v 43.964 		12.67 		16.088
v 49.706 		26.533 		17.071
v 55.586 		21.13 		5
v 40.912 		27.934 		10
v 46.01 		22.391 		0.341
v 55.365 		22.241 		5
v 40.964 		20.795 		17.934
v 44.947 		12.337 		16.088
v 37.423 		21.261 		7.412
v 45.706 		22.241 		0.341
v 55.001 		23.314 		5
v 43.956 		16.033 		18.66
v 45.424 		22.053 		0.341
v 54.5 		24.33 		5
v 44.5 		15.67 		18.66
v 45.17 		21.83 		0.341
v 39.929 		27.071 		10
v 41.728 		13.129 		15
v 42.67 		12.5 		15
v 43.294 		15.17 		17.934
v 43.956 		14.728 		17.934
v 44.67 		14.376 		17.934
v 39.5 		24.33 		5
v 56.33 		17.5 		7.412
v 38.999 		23.314 		5
v 48.206 		19.5 		19.914
v 54.011 		20.923 		17.071
v 48.261 		19.662 		19.914
v 56.577 		18.739 		7.412
v 48.294 		19.83 		19.914
v 53.83 		21.83 		17.071
v 56.659 		20 		7.412
v 48.305 		20 		19.914
v 38.635 		22.241 		5
v 53.533 		22.706 		17.071
v 42.17 		16.294 		17.934
v 48.294 		20.17 		19.914
v 48.261 		20.338 		19.914
v 38.414 		21.13 		5
v 55.536 		16.464 		6.173
v 42.695 		15.695 		17.934
v 39.066 		26.088 		10
v 41.376 		12.67 		13.827
v 55.924 		17.609 		6.173
v 38.34 		25 		10
v 41.39 		15.695 		17.071
v 56.16 		18.794 		6.173
v 42 		15 		17.071
v 47 		21.305 		0.086
v 41.12 		12.337 		12.588
v 52.272 		23.044 		17.934
v 39.989 		27.011 		8.695
v 42.695 		14.39 		17.071
v 56.239 		20 		6.173
v 46.83 		21.294 		0.086
v 51.83 		23.706 		17.934
v 46.662 		21.261 		0.086
v 43.686 		11.999 		15
v 44.759 		11.635 		15
v 46.501 		21.206 		0.086
v 51.305 		24.305 		17.934
v 43.464 		13.876 		17.071
v 46.347 		21.13 		0.086
v 39.134 		26.036 		8.695
v 44.294 		13.467 		17.071
v 53.124 		23.536 		17.071
v 42.381 		11.999 		13.827
v 46.205 		21.036 		0.086
v 38.414 		24.957 		8.695
v 43.464 		11.464 		13.827
v 52.61 		24.305 		17.071
v 55.001 		16.686 		5
v 55.365 		17.759 		5
v 44.609 		11.076 		13.827
v 55.586 		18.87 		5
v 42.17 		11.635 		12.588
v 55.66 		20 		5
v 43.304 		11.076 		12.588
v 44.5 		10.67 		12.588
v 37.341 		20 		7.412
v 37.423 		18.739 		7.412
v 49.706 		22.706 		19.239
v 53.294 		24.83 		16.088
v 45.706 		10.17 		11.305
v 48.13 		19.347 		19.914
v 49.33 		23.036 		19.239
v 47 		10.086 		11.305
v 53.871 		25.272 		15
v 48.294 		10.17 		11.305
v 50.967 		23.044 		18.66
v 55.001 		24.619 		13.827
v 45.695 		10.086 		10
v 54.866 		21.036 		3.912
v 47 		10 		10
v 50.536 		23.536 		18.66
v 54.33 		25.624 		13.827
v 37.67 		17.5 		7.412
v 54.663 		22.053 		3.912
v 48.305 		10.086 		10
v 50.044 		23.967 		18.66
v 54.33 		23.036 		3.912
v 53.533 		26.533 		13.827
v 45.706 		10.17 		8.695
v 53.871 		23.967 		3.912
v 47 		10.086 		8.695
v 49.5 		24.33 		18.66
v 37.761 		20 		6.173
v 54.011 		20.923 		2.929
v 48.294 		10.17 		8.695
v 37.84 		18.794 		6.173
v 55.365 		24.83 		12.588
v 53.83 		21.83 		2.929
v 47.17 		18.706 		19.914
v 47.338 		18.739 		19.914
v 54.663 		25.88 		12.588
v 53.533 		22.706 		2.929
v 47.5 		18.794 		19.914
v 47.653 		18.87 		19.914
v 47.795 		18.964 		19.914
v 47.923 		19.077 		19.914
v 48.036 		19.205 		19.914
v 53.83 		26.83 		12.588
v 40.129 		23.967 		16.088
v 51.957 		20.653 		18.66
v 39.67 		23.036 		16.088
v 51.83 		21.294 		18.66
v 46.077 		20.923 		0.086
v 39.337 		22.053 		16.088
v 51.619 		21.913 		18.66
v 45.964 		20.795 		0.086
v 39.134 		21.036 		16.088
v 51.33 		22.5 		18.66
v 40.964 		12.134 		11.305
v 53.124 		23.536 		2.929
v 45.87 		20.653 		0.086
v 42.043 		11.414 		11.305
v 52.61 		24.305 		2.929
v 53.036 		20.795 		17.934
v 39.5 		24.33 		15
v 49.391 		28.924 		13.827
v 45.794 		20.5 		0.086
v 38.999 		23.314 		15
v 43.206 		10.84 		11.305
v 50.696 		28.924 		12.588
v 52.88 		21.576 		17.934
v 38.635 		22.241 		15
v 52.272 		23.044 		2.066
v 44.434 		10.423 		11.305
v 49.5 		29.33 		12.588
v 52.624 		22.33 		17.934
v 51.83 		23.706 		2.066
v 38.076 		17.609 		6.173
v 51.305 		24.305 		2.066
v 38.414 		21.13 		15
v 50.967 		26.871 		16.088
v 50.036 		27.33 		16.088
v 41.39 		24.305 		2.929
v 53.036 		20.795 		2.066
v 42.695 		24.305 		2.066
v 38.464 		16.464 		6.173
v 52.88 		21.576 		2.066
v 42.17 		23.706 		2.066
v 52.272 		26.871 		15
v 50.314 		21.913 		19.239
v 42 		11.34 		10
v 43.173 		10.761 		10
v 50.036 		22.33 		19.239
v 52.624 		22.33 		2.066
v 51.33 		27.5 		15
v 41.728 		23.044 		2.066
v 44.412 		10.341 		10
v 50.314 		28.001 		15
v 49.241 		28.365 		15
v 41.376 		22.33 		2.066
v 40.964 		12.134 		8.695
v 41.12 		21.576 		2.066
v 42.043 		11.414 		8.695
v 38.414 		18.87 		5
v 40.964 		20.795 		2.066
v 38.34 		20 		5
v 49.5 		20.67 		19.659
v 50.967 		23.044 		1.34
v 38.635 		17.759 		5
v 43.206 		10.84 		8.695
v 50.536 		23.536 		1.34
v 49.391 		20.99 		19.659
v 38.999 		16.686 		5
v 44.434 		10.423 		8.695
v 50.044 		23.967 		1.34
v 49.241 		21.294 		19.659
v 38.464 		23.536 		13.827
v 50.794 		20.5 		19.239
v 49.5 		24.33 		1.34
v 38.076 		22.391 		13.827
v 52.61 		25.61 		16.088
v 50.696 		20.99 		19.239
v 37.84 		21.206 		13.827
v 51.83 		26.294 		16.088
v 50.536 		21.464 		19.239
v 49.706 		22.706 		0.761
v 49.33 		23.036 		0.761
v 44.5 		24.33 		1.34
v 40.129 		16.033 		16.088
v 53.124 		26.124 		15
v 43.956 		23.967 		1.34
v 40.129 		23.967 		3.912
v 40.706 		15.17 		16.088
v 43.464 		23.536 		1.34
v 39.67 		23.036 		3.912
v 39.5 		15.67 		15
v 43.033 		23.044 		1.34
v 40.129 		14.728 		15
v 51.957 		20.653 		1.34
v 39.337 		22.053 		3.912
v 40.876 		13.876 		15
v 51.83 		21.294 		1.34
v 53.533 		17.294 		17.071
v 39.134 		21.036 		3.912
v 38.076 		23.696 		12.588
v 51.619 		21.913 		1.34
v 53.83 		18.17 		17.071
v 40.876 		23.536 		2.929
v 37.67 		22.5 		12.588
v 51.33 		22.5 		1.34
v 37.423 		21.261 		12.588
v 54.011 		19.077 		17.071
v 40.467 		22.706 		2.929
v 38.999 		15.381 		13.827
v 44.67 		23.036 		0.761
v 54.071 		20 		17.071
v 39.67 		14.376 		13.827
v 52.624 		27.33 		13.827
v 40.17 		21.83 		2.929
v 44.294 		22.706 		0.761
v 40.467 		13.467 		13.827
v 39.989 		20.923 		2.929
v 38.076 		16.304 		12.588
v 38.635 		15.17 		12.588
v 39.066 		20 		16.088
v 39.134 		18.964 		16.088
v 50.314 		21.913 		0.761
v 39.337 		14.12 		12.588
v 50.036 		22.33 		0.761
v 51.83 		18.706 		18.66
v 39.337 		17.947 		16.088
v 40.17 		13.17 		12.588
v 51.957 		19.347 		18.66
v 39.67 		16.964 		16.088
v 43.964 		22.33 		0.761
v 50.794 		20.5 		0.761
v 39.066 		20 		3.912
v 39.134 		18.964 		3.912
v 47 		20 		20
v 43.686 		21.913 		0.761
v 52 		20 		18.66
v 50.696 		20.99 		0.761
v 50.536 		21.464 		0.761
v 53.036 		19.205 		17.934
v 39.989 		19.077 		2.929
v 38.414 		18.87 		15
v 39.929 		20 		2.929
v 49.5 		20.67 		0.341
v 38.34 		20 		15
v 44.947 		21.576 		0.341
v 38.635 		17.759 		15
v 37.84 		16.206 		11.305
v 53.088 		20 		17.934
v 49.391 		20.99 		0.341
v 38.999 		16.686 		15
v 38.414 		15.043 		11.305
v 40.912 		20 		2.066
v 49.241 		21.294 		0.341
v 39.134 		13.964 		11.305
v 43.464 		21.464 		0.761
v 39.989 		12.989 		11.305
v 43.304 		20.99 		0.761
v 49.566 		19.662 		19.659
v 49.588 		20 		19.659
v 43.206 		20.5 		0.761
v 54.33 		16.964 		3.912
v 49.566 		20.338 		19.659
v 39.337 		17.947 		3.912
v 44.759 		21.294 		0.341
v 54.663 		17.947 		3.912
v 39.67 		16.964 		3.912
v 44.609 		20.99 		0.341
v 54.866 		18.964 		3.912
v 40.17 		18.17 		2.929
v 50.794 		19.5 		19.239
v 54.934 		20 		3.912
v 50.827 		20 		19.239
v 44.5 		20.67 		0.341
v 40.467 		17.294 		2.929
v 37.761 		16.173 		10
v 37.761 		20 		13.827
v 37.84 		18.794 		13.827
v 40.876 		16.464 		2.929
v 38.34 		15 		10
v 53.533 		17.294 		2.929
v 38.076 		17.609 		13.827
v 53.83 		18.17 		2.929
v 39.066 		13.912 		10
v 38.464 		16.464 		13.827
v 54.011 		19.077 		2.929
v 51.619 		28.001 		13.827
v 39.929 		12.929 		10
v 49.241 		18.706 		19.659
v 54.071 		20 		2.929
v 37.84 		16.206 		8.695
v 50.536 		28.536 		13.827
v 37.423 		18.739 		12.588
v 53.294 		15.17 		16.088
v 49.391 		19.01 		19.659
v 38.414 		15.043 		8.695
v 53.871 		16.033 		16.088
v 37.341 		20 		12.588
v 37.67 		17.5 		12.588
v 49.5 		19.33 		19.659
v 39.134 		13.964 		8.695
v 53.871 		14.728 		15
v 54.5 		15.67 		15
v 42.67 		22.5 		1.34
v 39.989 		12.989 		8.695
v 50.536 		18.536 		19.239
v 42.381 		21.913 		1.34
v 50.696 		19.01 		19.239
v 53.124 		16.464 		2.929
v 42.17 		21.294 		1.34
v 52.272 		16.956 		2.066
v 42.043 		20.653 		1.34
v 53.533 		13.467 		13.827
v 52.624 		17.67 		2.066
v 52.88 		27.663 		12.588
v 52.88 		18.424 		2.066
v 54.33 		14.376 		13.827
v 51.33 		17.5 		18.66
v 51.83 		28.365 		12.588
v 53.036 		19.205 		2.066
v 37.84 		23.794 		11.305
v 53.088 		20 		2.066
v 55.001 		15.381 		13.827
v 51.619 		18.087 		18.66
v 37.423 		22.566 		11.305
v 37.17 		21.294 		11.305
v 40.912 		12.066 		10
v 53.83 		13.17 		12.588
v 52.272 		16.956 		17.934
v 48.206 		19.5 		0.086
v 52.624 		17.67 		17.934
v 54.663 		14.12 		12.588
v 55.365 		15.17 		12.588
v 48.261 		19.662 		0.086
v 52.88 		18.424 		17.934
v 55.586 		24.957 		11.305
v 45.739 		10.423 		7.412
v 55.924 		16.304 		12.588
v 47 		10.341 		7.412
v 51.83 		18.706 		1.34
v 48.294 		19.83 		0.086
v 53.124 		16.464 		17.071
v 48.261 		10.423 		7.412
v 51.957 		19.347 		1.34
v 48.305 		20 		0.086
v 52 		20 		1.34
v 37.761 		23.827 		10
v 48.294 		20.17 		0.086
v 37.341 		22.588 		10
v 48.261 		20.338 		0.086
v 50.036 		12.67 		16.088
v 45.794 		10.84 		6.173
v 37.086 		21.305 		10
v 47 		10.761 		6.173
v 50.967 		13.129 		16.088
v 49.33 		16.964 		19.239
v 49.706 		17.294 		19.239
v 48.206 		10.84 		6.173
v 37.84 		23.794 		8.695
v 51.83 		13.706 		16.088
v 37.423 		22.566 		8.695
v 50.036 		17.67 		19.239
v 37.17 		21.294 		8.695
v 54.866 		26.036 		11.305
v 52.61 		14.39 		16.088
v 50.794 		19.5 		0.761
v 50.314 		18.087 		19.239
v 50.827 		20 		0.761
v 50.536 		16.464 		18.66
v 45.87 		11.414 		5
v 50.967 		16.956 		18.66
v 49.566 		19.662 		0.341
v 47 		11.34 		5
v 49.588 		20 		0.341
v 48.13 		11.414 		5
v 37.17 		18.706 		11.305
v 51.33 		12.5 		15
v 37.086 		20 		11.305
v 37.423 		17.434 		11.305
v 52.272 		13.129 		15
v 49.566 		20.338 		0.341
v 53.124 		13.876 		15
v 48.83 		26.83 		17.071
v 47.923 		27.011 		17.071
v 37 		20 		10
v 41.12 		12.337 		7.412
v 37.086 		18.695 		10
v 54.011 		27.011 		11.305
v 41.376 		12.67 		6.173
v 47 		27.071 		17.071
v 50.536 		18.536 		0.761
v 37.341 		17.412 		10
v 46.077 		27.011 		17.071
v 52.624 		12.67 		13.827
v 50.696 		19.01 		0.761
v 45.17 		26.83 		17.071
v 55.66 		25 		10
v 41.728 		13.129 		5
v 37.17 		18.706 		8.695
v 54.934 		26.088 		10
v 42.67 		12.5 		5
v 52.88 		12.337 		12.588
v 37.086 		20 		8.695
v 37.423 		17.434 		8.695
v 49.241 		18.706 		0.341
v 54.071 		27.071 		10
v 48.13 		19.347 		0.086
v 49.391 		19.01 		0.341
v 55.586 		24.957 		8.695
v 49.5 		19.33 		0.341
v 54.866 		26.036 		8.695
v 49.241 		11.635 		15
v 48.913 		24.619 		18.66
v 42.17 		11.635 		7.412
v 48.294 		24.83 		18.66
v 54.011 		27.011 		8.695
v 47.17 		18.706 		0.086
v 50.314 		11.999 		15
v 47.653 		24.957 		18.66
v 47.338 		18.739 		0.086
v 43.304 		11.076 		7.412
v 49.391 		11.076 		13.827
v 47.5 		18.794 		0.086
v 50.536 		11.464 		13.827
v 44.5 		10.67 		7.412
v 47.653 		18.87 		0.086
v 51.619 		11.999 		13.827
v 48.261 		29.577 		7.412
v 47.795 		18.964 		0.086
v 48.576 		25.88 		17.934
v 47 		29.659 		7.412
v 51.33 		17.5 		1.34
v 42.381 		11.999 		6.173
v 49.5 		10.67 		12.588
v 47.795 		26.036 		17.934
v 45.739 		29.577 		7.412
v 47.923 		19.077 		0.086
v 43.464 		11.464 		6.173
v 50.794 		29.16 		11.305
v 51.619 		18.087 		1.34
v 50.696 		11.076 		12.588
v 49.566 		29.577 		11.305
v 48.036 		19.205 		0.086
v 44.609 		11.076 		6.173
v 51.83 		11.635 		12.588
v 50.827 		29.239 		10
v 50.536 		16.464 		1.34
v 49.588 		29.659 		10
v 47 		25 		18.66
v 43.686 		11.999 		5
v 50.967 		16.956 		1.34
v 46.347 		24.957 		18.66
v 44.759 		11.635 		5
v 45.706 		24.83 		18.66
v 49.33 		16.964 		0.761
v 50.794 		29.16 		8.695
v 45.087 		24.619 		18.66
v 54.011 		12.989 		11.305
v 54.866 		13.964 		11.305
v 49.566 		29.577 		8.695
v 49.706 		17.294 		0.761
v 47 		26.088 		17.934
v 55.586 		15.043 		11.305
v 50.036 		17.67 		0.761
v 46.205 		26.036 		17.934
v 56.16 		16.206 		11.305
v 45.424 		25.88 		17.934
v 50.314 		18.087 		0.761
v 49.053 		12.337 		3.912
v 47.923 		12.989 		2.929
v 48.83 		13.17 		2.929
v 53.036 		27.866 		11.305
v 51.957 		28.586 		11.305
v 54.071 		12.929 		10
v 47.795 		13.964 		2.066
v 54.934 		13.912 		10
v 53.088 		27.934 		10
v 44.67 		25.624 		17.934
v 48.576 		14.12 		2.066
v 55.66 		15 		10
v 48.206 		29.16 		13.827
v 52 		28.66 		10
v 43.956 		25.272 		17.934
v 47 		29.239 		13.827
v 45.695 		20 		19.914
v 45.706 		19.83 		19.914
v 56.239 		16.173 		10
v 45.739 		19.662 		19.914
v 45.794 		19.5 		19.914
v 53.036 		27.866 		8.695
v 54.011 		12.989 		8.695
v 45.794 		29.16 		13.827
v 43.294 		24.83 		17.934
v 51.957 		28.586 		8.695
v 54.866 		13.964 		8.695
v 45.739 		20.338 		19.914
v 45.706 		20.17 		19.914
v 48.206 		29.16 		6.173
v 44.294 		26.533 		17.071
v 55.586 		15.043 		8.695
v 43.464 		26.124 		17.071
v 48.261 		29.577 		12.588
v 45.17 		13.17 		2.929
v 56.16 		16.206 		8.695
v 42.695 		25.61 		17.071
v 47 		29.659 		12.588
v 46.077 		12.989 		2.929
v 42 		25 		17.071
v 54.866 		21.036 		16.088
v 45.739 		29.577 		12.588
v 47 		12.929 		2.929
v 54.663 		22.053 		16.088
v 45.424 		14.12 		2.066
v 54.33 		23.036 		16.088
v 46.205 		13.964 		2.066
v 47 		13.912 		2.066
v 46.205 		18.964 		19.914
v 53.871 		23.967 		16.088
v 46.347 		18.87 		19.914
v 46.501 		18.794 		19.914
v 46.662 		18.739 		19.914
v 46.83 		18.706 		19.914
v 49.053 		27.663 		16.088
v 47 		18.695 		19.914
v 48.036 		27.866 		16.088
v 47 		27.934 		16.088
v 55.586 		21.13 		15
v 55.365 		22.241 		15
v 47.338 		22.566 		19.659
v 45.964 		27.866 		16.088
v 47 		20 		0
v 49.566 		10.423 		11.305
v 55.001 		23.314 		15
v 47.653 		15.043 		1.34
v 50.794 		10.84 		11.305
v 48.913 		23.314 		19.239
v 47 		29.239 		6.173
v 48.294 		15.17 		1.34
v 48.464 		23.536 		19.239
v 54.5 		24.33 		15
v 51.957 		11.414 		11.305
v 45.794 		29.16 		6.173
v 47.99 		23.696 		19.239
v 48.913 		15.381 		1.34
v 48.13 		28.586 		15
v 53.036 		12.134 		11.305
v 47.5 		23.794 		19.239
v 47 		28.66 		15
v 47.5 		16.206 		0.761
v 47.99 		16.304 		0.761
v 45.87 		28.586 		15
v 45.87 		19.347 		19.914
v 45.964 		19.205 		19.914
v 46.077 		19.077 		19.914
v 49.588 		10.341 		10
v 50.827 		10.761 		10
v 56.16 		21.206 		13.827
v 47 		22.588 		19.659
v 44.609 		28.924 		13.827
v 48.13 		28.586 		5
v 52 		11.34 		10
v 45.087 		15.381 		1.34
v 44.5 		29.33 		12.588
v 46.662 		22.566 		19.659
v 47 		28.66 		5
v 45.706 		15.17 		1.34
v 53.088 		12.066 		10
v 43.304 		28.924 		12.588
v 55.924 		22.391 		13.827
v 47 		23.827 		19.239
v 49.566 		10.423 		8.695
v 46.347 		15.043 		1.34
v 47.338 		17.434 		19.659
v 55.536 		23.536 		13.827
v 50.794 		10.84 		8.695
v 46.501 		23.794 		19.239
v 47 		15 		1.34
v 47.67 		17.5 		19.659
v 51.957 		11.414 		8.695
v 44.947 		27.663 		16.088
v 46.01 		23.696 		19.239
v 53.036 		12.134 		8.695
v 47.99 		17.609 		19.659
v 46.01 		16.304 		0.761
v 43.964 		27.33 		16.088
v 56.577 		21.261 		12.588
v 45.536 		23.536 		19.239
v 46.501 		16.206 		0.761
v 48.294 		17.759 		19.659
v 43.033 		26.871 		16.088
v 47 		16.173 		0.761
v 56.33 		22.5 		12.588
v 45.087 		23.314 		19.239
v 48.576 		17.947 		19.659
v 55.924 		23.696 		12.588
v 44.759 		28.365 		15
v 48.83 		18.17 		19.659
v 43.686 		28.001 		15
v 45.87 		28.586 		5
v 49.053 		18.424 		19.659
v 53.83 		13.17 		7.412
v 42.67 		27.5 		15
v 54.663 		14.12 		7.412
v 41.728 		26.871 		15
v 55.365 		15.17 		7.412
v 49.053 		21.576 		19.659
v 44.5 		29.33 		7.412
v 48.83 		21.83 		19.659
v 55.924 		16.304 		7.412
v 43.304 		28.924 		7.412
v 48.576 		22.053 		19.659
v 44.609 		28.924 		6.173
v 53.533 		13.467 		6.173
v 45.964 		12.134 		3.912
v 47 		12.066 		3.912
v 48.294 		22.241 		19.659
v 42.17 		26.294 		16.088
v 54.33 		14.376 		6.173
v 41.39 		25.61 		16.088
v 48.036 		12.134 		3.912
v 42.17 		28.365 		7.412
v 47.99 		22.391 		19.659
v 55.001 		15.381 		6.173
v 48.464 		16.464 		19.239
v 41.12 		27.663 		7.412
v 47.67 		22.5 		19.659
v 48.913 		16.686 		19.239
v 43.464 		28.536 		6.173
v 43.464 		28.536 		13.827
v 43.294 		15.17 		2.066
v 42.381 		28.001 		6.173
v 42.381 		28.001 		13.827
v 43.956 		14.728 		2.066
v 41.376 		27.33 		13.827
v 41.376 		27.33 		6.173
v 53.871 		14.728 		5
v 46.33 		17.5 		19.659
v 44.67 		14.376 		2.066
v 54.5 		15.67 		5
v 46.662 		17.434 		19.659
v 47 		17.412 		19.659
v 48.206 		20.5 		19.914
v 42.17 		28.365 		12.588
v 48.13 		20.653 		19.914
v 41.12 		27.663 		12.588
v 41.39 		14.39 		3.912
v 44.759 		28.365 		5
v 52.88 		12.337 		7.412
v 41.39 		15.695 		2.929
v 43.686 		28.001 		5
v 52.624 		12.67 		6.173
v 42.67 		27.5 		5
v 45.17 		18.17 		19.659
v 42 		15 		2.929
v 41.728 		26.871 		5
v 51.33 		12.5 		5
v 45.424 		17.947 		19.659
v 52.272 		13.129 		5
v 48.294 		29.83 		11.305
v 42.695 		14.39 		2.929
v 45.706 		17.759 		19.659
v 47 		29.914 		11.305
v 53.124 		13.876 		5
v 42.17 		16.294 		2.066
v 48.036 		20.795 		19.914
v 42.695 		15.695 		2.066
v 45.706 		29.83 		11.305
v 47.923 		20.923 		19.914
v 46.01 		17.609 		19.659
v 47.795 		21.036 		19.914
v 47.653 		21.13 		19.914
v 47.5 		21.206 		19.914
v 47.338 		21.261 		19.914
v 47.17 		21.294 		19.914
v 54.33 		16.964 		16.088
v 48.305 		29.914 		10
v 49.5 		10.67 		7.412
v 47 		30 		10
v 45.087 		16.686 		19.239
v 54.663 		17.947 		16.088
v 45.536 		16.464 		19.239
v 50.696 		11.076 		7.412
v 45.695 		29.914 		10
v 51.83 		11.635 		7.412
v 42.17 		13.706 		3.912
v 54.866 		18.964 		16.088
v 43.033 		13.129 		3.912
v 54.934 		20 		16.088
v 48.294 		29.83 		8.695
v 43.964 		12.67 		3.912
v 55.001 		16.686 		15
v 45.706 		19.83 		0.086
v 47 		29.914 		8.695
v 45.695 		20 		0.086
v 55.365 		17.759 		15
v 45.739 		19.662 		0.086
v 49.391 		11.076 		6.173
v 45.794 		19.5 		0.086
v 45.706 		29.83 		8.695
v 55.586 		18.87 		15
v 50.536 		11.464 		6.173
v 44.947 		12.337 		3.912
v 45.739 		20.338 		0.086
v 46.33 		22.5 		19.659
v 55.66 		20 		15
v 51.619 		11.999 		6.173
v 46.01 		22.391 		19.659
v 45.706 		20.17 		0.086
v 44.412 		20 		19.659
v 44.434 		19.662 		19.659
v 43.464 		13.876 		2.929
v 45.706 		22.241 		19.659
v 49.241 		11.635 		5
v 44.294 		13.467 		2.929
v 45.424 		22.053 		19.659
v 50.314 		11.999 		5
v 45.17 		21.83 		19.659
v 49.053 		27.663 		3.912
v 48.036 		27.866 		3.912
v 44.434 		29.577 		11.305
v 44.434 		20.338 		19.659
v 48.83 		26.83 		2.929
v 43.206 		29.16 		11.305
v 43.173 		20 		19.239
v 43.206 		19.5 		19.239
v 46.205 		18.964 		0.086
v 43.956 		16.033 		1.34
v 44.412 		29.659 		10
v 43.173 		29.239 		10
v 46.347 		18.87 		0.086
v 44.5 		15.67 		1.34
v 47 		21.305 		19.914
v 55.536 		16.464 		13.827
v 46.501 		18.794 		0.086
v 46.83 		21.294 		19.914
v 46.662 		21.261 		19.914
v 46.662 		18.739 		0.086
v 46.501 		21.206 		19.914
v 46.347 		21.13 		19.914
v 55.924 		17.609 		13.827
v 44.434 		29.577 		8.695
v 46.205 		21.036 		19.914
v 46.83 		18.706 		0.086
v 43.206 		29.16 		8.695
v 56.16 		18.794 		13.827
v 44.5 		19.33 		19.659
v 56.239 		20 		13.827
v 47 		18.695 		0.086
v 44.609 		19.01 		19.659
v 56.33 		17.5 		12.588
v 44.759 		18.706 		19.659
v 56.577 		18.739 		12.588
v 42.043 		28.586 		11.305
v 38.076 		16.304 		7.412
v 56.659 		20 		12.588
v 40.964 		27.866 		11.305
v 38.635 		15.17 		7.412
v 42 		28.66 		10
v 39.337 		14.12 		7.412
v 43.304 		19.01 		19.239
v 46.077 		20.923 		19.914
v 45.964 		20.795 		19.914
v 43.464 		18.536 		19.239
v 45.87 		20.653 		19.914
v 40.17 		13.17 		7.412
v 45.794 		20.5 		19.914
v 42.043 		28.586 		8.695
v 40.964 		27.866 		8.695
v 45.87 		19.347 		0.086
v 56.83 		21.294 		11.305
v 45.964 		19.205 		0.086
v 47.923 		27.011 		2.929
v 38.999 		15.381 		6.173
v 56.577 		22.566 		11.305
v 39.67 		14.376 		6.173
v 56.16 		23.794 		11.305
v 40.467 		13.467 		6.173
v 42.043 		19.347 		18.66
v 42 		20 		18.66
v 40.706 		24.83 		16.088
v 42.17 		18.706 		18.66
v 44.67 		23.036 		19.239
v 44.294 		22.706 		19.239
v 40.876 		26.124 		15
v 44.5 		24.33 		18.66
v 40.129 		25.272 		15
v 47 		27.934 		3.912
v 43.956 		23.967 		18.66
v 40.964 		19.205 		17.934
v 45.964 		27.866 		3.912
v 43.464 		23.536 		18.66
v 43.033 		23.044 		18.66
v 56.914 		21.305 		10
v 39.5 		15.67 		5
v 56.659 		22.588 		10
v 40.129 		14.728 		5
v 47 		27.071 		2.929
v 40.467 		26.533 		13.827
v 39.67 		25.624 		13.827
v 46.077 		27.011 		2.929
v 46.077 		19.077 		0.086
v 44.947 		18.424 		19.659
v 45.17 		26.83 		2.929
v 56.239 		23.827 		10
v 38.999 		24.619 		13.827
v 40.876 		13.876 		5
v 43.686 		18.087 		19.239
v 56.83 		21.294 		8.695
v 40.17 		26.83 		12.588
v 43.964 		17.67 		19.239
v 56.577 		22.566 		8.695
v 44.294 		17.294 		19.239
v 39.337 		25.88 		12.588
v 38.635 		24.83 		12.588
v 44.67 		16.964 		19.239
v 48.576 		25.88 		2.066
v 48.294 		17.759 		0.341
v 47.795 		26.036 		2.066
v 48.576 		17.947 		0.341
v 47 		26.088 		2.066
v 42.695 		24.305 		17.934
v 48.83 		18.17 		0.341
v 42.17 		23.706 		17.934
v 46.205 		26.036 		2.066
v 40.129 		16.033 		3.912
v 41.728 		23.044 		17.934
v 43.033 		16.956 		18.66
v 49.053 		18.424 		0.341
v 40.706 		15.17 		3.912
v 43.464 		16.464 		18.66
v 41.39 		24.305 		17.071
v 45.424 		25.88 		2.066
v 44.947 		21.576 		19.659
v 47.338 		17.434 		0.341
v 47.67 		17.5 		0.341
v 47.99 		17.609 		0.341
v 43.964 		22.33 		19.239
v 42.381 		18.087 		18.66
v 43.686 		21.913 		19.239
v 42.67 		17.5 		18.66
v 48.464 		16.464 		0.761
v 41.12 		18.424 		17.934
v 48.913 		16.686 		0.761
v 41.376 		17.67 		17.934
v 48.913 		24.619 		1.34
v 53.294 		15.17 		3.912
v 44.759 		21.294 		19.659
v 53.871 		16.033 		3.912
v 41.728 		16.956 		17.934
v 48.294 		24.83 		1.34
v 44.609 		20.99 		19.659
v 47.653 		24.957 		1.34
v 45.17 		18.17 		0.341
v 45.424 		17.947 		0.341
v 44.5 		20.67 		19.659
v 52.61 		14.39 		3.912
v 45.706 		17.759 		0.341
v 47 		25 		1.34
v 46.01 		17.609 		0.341
v 43.464 		21.464 		19.239
v 51.305 		14.39 		2.929
v 46.33 		17.5 		0.341
v 46.347 		24.957 		1.34
v 46.662 		17.434 		0.341
v 52 		15 		2.929
v 43.304 		20.99 		19.239
v 47 		17.412 		0.341
v 45.706 		24.83 		1.34
v 52.61 		15.695 		2.929
v 43.206 		20.5 		19.239
v 45.087 		24.619 		1.34
v 40.876 		23.536 		17.071
v 40.467 		22.706 		17.071
v 51.305 		15.695 		2.066
v 40.17 		21.83 		17.071
v 45.087 		16.686 		0.761
v 51.83 		16.294 		2.066
v 45.536 		16.464 		0.761
v 56.16 		23.794 		8.695
v 39.989 		20.923 		17.071
v 40.964 		19.205 		2.066
v 41.12 		18.424 		2.066
v 41.376 		17.67 		2.066
v 41.728 		16.956 		2.066
v 44.947 		27.663 		3.912
v 56.577 		17.434 		11.305
v 49.33 		14.376 		2.066
v 43.964 		27.33 		3.912
v 43.033 		26.871 		3.912
v 50.044 		14.728 		2.066
v 56.83 		18.706 		11.305
v 40.912 		20 		17.934
v 50.706 		15.17 		2.066
v 43.173 		20 		0.761
v 43.206 		19.5 		0.761
v 56.914 		20 		11.305
v 39.989 		19.077 		17.071
v 39.929 		20 		17.071
v 40.17 		18.17 		17.071
v 44.434 		19.662 		0.341
v 40.467 		17.294 		17.071
v 44.412 		20 		0.341
v 44.294 		26.533 		2.929
v 44.434 		20.338 		0.341
v 40.876 		16.464 		17.071
v 50.036 		12.67 		3.912
v 43.464 		26.124 		2.929
v 50.967 		13.129 		3.912
v 44.67 		25.624 		2.066
v 56.659 		17.412 		10
v 51.83 		13.706 		3.912
v 56.914 		18.695 		10
v 43.956 		25.272 		2.066
v 57 		20 		10
v 56.577 		17.434 		8.695
v 43.304 		19.01 		0.761
v 56.83 		18.706 		8.695
v 43.294 		24.83 		2.066
v 43.464 		18.536 		0.761
v 56.914 		20 		8.695
v 44.5 		19.33 		0.341
v 44.609 		19.01 		0.341
v 49.706 		13.467 		2.929
v 44.759 		18.706 		0.341
v 50.536 		13.876 		2.929
v 55.365 		24.83 		7.412
v 42.17 		26.294 		3.912
v 51.305 		15.695 		17.934
v 54.663 		25.88 		7.412
v 51.83 		16.294 		17.934
v 53.83 		26.83 		7.412
v 41.39 		25.61 		3.912
v 42 		20 		1.34
v 42.043 		19.347 		1.34
v 51.305 		14.39 		17.071
v 42.17 		18.706 		1.34
v 55.001 		24.619 		6.173
v 54.33 		25.624 		6.173
v 42.695 		25.61 		2.929
v 52 		15 		17.071
v 53.533 		26.533 		6.173
v 52.61 		15.695 		17.071
v 42 		25 		2.929
v 43.033 		16.956 		1.34
v 49.5 		15.67 		1.34
v 53.871 		25.272 		5
v 43.464 		16.464 		1.34
v 50.044 		16.033 		1.34
v 43.686 		18.087 		0.761
v 43.964 		17.67 		0.761
v 50.696 		28.924 		7.412
v 44.294 		17.294 		0.761
v 49.5 		29.33 		7.412
v 49.5 		15.67 		18.66
v 44.67 		16.964 		0.761
v 49.391 		28.924 		6.173
v 50.044 		16.033 		18.66
v 44.947 		18.424 		0.341
v 52.88 		27.663 		7.412
v 49.33 		14.376 		17.934
v 51.83 		28.365 		7.412
v 52.624 		27.33 		6.173
v 51.619 		28.001 		6.173
v 50.044 		14.728 		17.934
v 40.17 		26.83 		7.412
v 50.536 		28.536 		6.173
v 42.381 		18.087 		1.34
v 39.337 		25.88 		7.412
v 42.67 		17.5 		1.34
v 50.706 		15.17 		17.934
v 53.124 		26.124 		5
v 49.053 		12.337 		16.088
v 52.272 		26.871 		5
v 38.635 		24.83 		7.412
v 51.33 		27.5 		5
v 38.076 		23.696 		7.412
v 50.314 		28.001 		5
v 40.467 		26.533 		6.173
v 45.964 		12.134 		16.088
v 49.241 		28.365 		5
v 47 		12.066 		16.088
v 39.67 		25.624 		6.173
v 48.036 		12.134 		16.088
v 38.999 		24.619 		6.173
v 45.87 		11.414 		15
v 53.294 		24.83 		3.912
v 47 		11.34 		15
v 40.876 		26.124 		5
v 49.706 		13.467 		17.071
v 50.536 		13.876 		17.071
v 40.129 		25.272 		5
v 50.967 		26.871 		3.912
v 48.13 		11.414 		15
v 50.036 		27.33 		3.912
v 40.706 		24.83 		3.912
v 47.5 		16.206 		19.239
v 52.61 		25.61 		3.912
v 48.913 		23.314 		0.761
v 47.99 		16.304 		19.239
v 51.83 		26.294 		3.912
v 48.464 		23.536 		0.761
v 47.653 		15.043 		18.66
v 52 		25 		2.929
v 48.294 		15.17 		18.66
v 47.99 		23.696 		0.761
v 51.305 		25.61 		2.929
v 48.913 		15.381 		18.66
v 47.5 		23.794 		0.761
v 45.794 		10.84 		13.827
v 47 		10.761 		13.827
v 50.536 		26.124 		2.929
v 48.206 		10.84 		13.827
v 47.338 		22.566 		0.341
v 49.706 		26.533 		2.929
v 46.01 		16.304 		19.239
v 46.501 		16.206 		19.239
v 50.706 		24.83 		2.066
v 47 		16.173 		19.239
v 50.044 		25.272 		2.066
v 45.087 		15.381 		18.66
v 45.706 		15.17 		18.66
v 49.33 		25.624 		2.066
v 47 		23.827 		0.761
v 46.347 		15.043 		18.66
v 45.739 		10.423 		12.588
v 46.501 		23.794 		0.761
v 47 		15 		18.66
v 46.01 		23.696 		0.761
v 45.536 		23.536 		0.761
v 45.087 		23.314 		0.761
v 48.261 		10.423 		12.588
v 56.577 		21.261 		7.412
v 47.795 		13.964 		17.934
v 47 		22.588 		0.341
v 46.662 		22.566 		0.341
v 48.576 		14.12 		17.934
v 47.923 		12.989 		17.071
v 48.83 		13.17 		17.071
v 49.053 		21.576 		0.341
v 48.83 		21.83 		0.341
v 48.576 		22.053 		0.341
v 48.294 		22.241 		0.341
v 47.99 		22.391 		0.341
v 47.67 		22.5 		0.341
v 48.206 		20.5 		0.086
v 48.13 		20.653 		0.086
v 48.036 		20.795 		0.086
v 47.795 		21.036 		0.086
v 47.5 		21.206 		0.086
v 47.338 		21.261 		0.086
# 1106 vertices

g group_0_40919

usemtl color_40919
s 0

f 12 	1088 	5
f 17 	19 	13
f 80 	83 	8
f 21 	22 	1032
f 8 	83 	14
f 17 	13 	12
f 23 	15 	25
f 22 	30 	29
f 23 	25 	3
f 3 	25 	31
f 5 	44 	12
f 80 	8 	4
f 2 	34 	10
f 3 	31 	7
f 99 	20 	33
f 1 	36 	6
f 2 	882 	34
f 34 	38 	10
f 33 	36 	1
f 25 	15 	1035
f 36 	40 	6
f 10 	38 	18
f 6 	40 	11
f 18 	45 	26
f 29 	30 	47
f 44 	5 	41
f 12 	44 	49
f 38 	45 	18
f 41 	136 	44
f 44 	139 	49
f 44 	136 	139
f 12 	49 	17
f 993 	17 	52
f 52 	17 	49
f 51 	165 	54
f 27 	56 	32
f 32 	56 	57
f 50 	59 	53
f 22 	77 	30
f 50 	58 	59
f 32 	57 	37
f 53 	60 	1076
f 37 	96 	39
f 53 	59 	60
f 37 	57 	96
f 100 	59 	58
f 21 	72 	22
f 63 	72 	21
f 43 	101 	48
f 56 	105 	57
f 65 	568 	69
f 55 	80 	4
f 66 	315 	68
f 69 	570 	73
f 69 	568 	570
f 105 	56 	81
f 62 	82 	85
f 74 	84 	86
f 74 	86 	79
f 62 	85 	67
f 42 	90 	55
f 79 	91 	58
f 81 	88 	114
f 79 	86 	91
f 67 	92 	70
f 77 	22 	72
f 91 	100 	58
f 67 	85 	92
f 70 	92 	5
f 84 	27 	86
f 1091 	93 	95
f 32 	86 	27
f 98 	35 	95
f 39 	97 	46
f 39 	96 	97
f 35 	98 	43
f 98 	101 	43
f 90 	102 	55
f 100 	103 	59
f 82 	113 	85
f 85 	113 	115
f 103 	60 	59
f 80 	55 	102
f 92 	85 	115
f 101 	106 	48
f 92 	41 	5
f 80 	107 	83
f 15 	60 	103
f 104 	109 	89
f 96 	57 	108
f 41 	92 	115
f 57 	105 	108
f 82 	78 	111
f 96 	108 	112
f 94 	89 	109
f 109 	20 	94
f 111 	78 	110
f 91 	86 	32
f 113 	82 	111
f 96 	112 	97
f 63 	252 	72
f 91 	37 	100
f 32 	37 	91
f 94 	20 	99
f 80 	102 	107
f 81 	114 	105
f 39 	103 	100
f 1 	99 	33
f 100 	37 	39
f 111 	325 	113
f 105 	114 	116
f 103 	39 	46
f 114 	181 	116
f 114 	174 	181
f 116 	108 	105
f 46 	15 	103
f 108 	117 	112
f 108 	116 	117
f 1035 	15 	46
f 107 	415 	83
f 88 	174 	114
f 961 	245 	84
f 27 	84 	245
f 110 	322 	111
f 122 	132 	125
f 118 	145 	148
f 127 	16 	125
f 118 	148 	119
f 115 	131 	41
f 123 	159 	345
f 132 	122 	130
f 136 	41 	131
f 125 	132 	137
f 133 	120 	205
f 132 	147 	137
f 131 	150 	136
f 125 	137 	127
f 131 	146 	150
f 596 	129 	134
f 133 	138 	120
f 127 	137 	611
f 126 	134 	140
f 142 	52 	49
f 351 	64 	123
f 130 	141 	143
f 120 	138 	124
f 134 	160 	140
f 49 	139 	142
f 132 	130 	143
f 138 	144 	124
f 94 	99 	128
f 147 	132 	143
f 128 	99 	133
f 129 	149 	153
f 136 	150 	154
f 133 	1 	138
f 1 	133 	99
f 136 	154 	139
f 138 	6 	144
f 153 	134 	129
f 1 	6 	138
f 160 	134 	153
f 6 	11 	144
f 141 	395 	143
f 48 	106 	51
f 51 	106 	165
f 152 	639 	155
f 420 	153 	149
f 163 	184 	166
f 164 	188 	167
f 180 	184 	163
f 183 	188 	164
f 206 	154 	150
f 168 	54 	165
f 172 	142 	139
f 139 	154 	172
f 156 	650 	157
f 170 	128 	202
f 88 	171 	174
f 293 	176 	162
f 172 	175 	142
f 161 	180 	163
f 177 	180 	161
f 176 	183 	162
f 154 	206 	185
f 348 	187 	178
f 116 	186 	117
f 162 	183 	164
f 172 	154 	185
f 172 	189 	175
f 116 	181 	186
f 172 	185 	189
f 119 	190 	135
f 117 	186 	122
f 187 	182 	498
f 175 	189 	191
f 188 	89 	167
f 184 	192 	166
f 186 	130 	122
f 188 	104 	89
f 185 	220 	189
f 193 	36 	33
f 236 	193 	33
f 89 	170 	167
f 166 	192 	169
f 189 	223 	191
f 89 	94 	170
f 170 	94 	128
f 194 	40 	36
f 193 	194 	36
f 176 	69 	183
f 40 	194 	579
f 69 	176 	65
f 148 	190 	119
f 181 	209 	186
f 73 	188 	183
f 69 	73 	183
f 190 	198 	135
f 146 	196 	199
f 186 	209 	130
f 188 	73 	104
f 196 	251 	254
f 145 	118 	47
f 171 	203 	174
f 145 	47 	30
f 146 	199 	150
f 206 	150 	199
f 205 	662 	202
f 148 	145 	216
f 229 	232 	180
f 174 	204 	181
f 180 	232 	184
f 203 	204 	174
f 200 	208 	195
f 209 	181 	204
f 201 	343 	207
f 193 	236 	207
f 194 	193 	210
f 207 	210 	193
f 190 	225 	198
f 196 	254 	199
f 211 	579 	194
f 237 	167 	170
f 210 	211 	194
f 128 	205 	202
f 128 	133 	205
f 145 	218 	216
f 203 	215 	222
f 148 	221 	190
f 201 	270 	343
f 216 	221 	148
f 76 	219 	224
f 234 	219 	319
f 221 	225 	190
f 219 	237 	224
f 203 	222 	204
f 223 	189 	220
f 204 	226 	209
f 223 	227 	191
f 204 	222 	226
f 209 	141 	130
f 177 	229 	180
f 209 	226 	141
f 30 	77 	218
f 861 	229 	177
f 227 	223 	239
f 145 	30 	218
f 233 	20 	109
f 229 	261 	232
f 233 	109 	121
f 184 	235 	192
f 216 	290 	320
f 233 	236 	20
f 216 	320 	221
f 366 	368 	214
f 214 	368 	217
f 238 	223 	220
f 236 	33 	20
f 237 	219 	234
f 141 	226 	393
f 237 	202 	224
f 238 	239 	223
f 227 	239 	1054
f 121 	242 	233
f 224 	202 	228
f 121 	126 	242
f 245 	961 	241
f 227 	1054 	231
f 242 	201 	233
f 241 	250 	245
f 244 	247 	61
f 242 	270 	201
f 230 	164 	234
f 236 	233 	201
f 164 	230 	162
f 260 	265 	244
f 238 	1097 	239
f 246 	249 	197
f 244 	265 	247
f 164 	167 	234
f 63 	61 	247
f 201 	207 	236
f 237 	234 	167
f 170 	202 	237
f 248 	250 	241
f 247 	252 	63
f 140 	242 	126
f 197 	249 	200
f 245 	253 	27
f 232 	235 	184
f 247 	271 	252
f 250 	253 	245
f 56 	27 	253
f 72 	256 	77
f 235 	333 	192
f 72 	252 	256
f 199 	254 	258
f 255 	731 	736
f 258 	206 	199
f 262 	185 	206
f 195 	208 	260
f 257 	261 	229
f 273 	253 	250
f 206 	258 	262
f 262 	220 	185
f 253 	81 	56
f 259 	255 	736
f 232 	263 	235
f 259 	742 	264
f 259 	736 	742
f 261 	263 	232
f 251 	288 	294
f 260 	212 	265
f 251 	294 	254
f 240 	267 	243
f 140 	270 	242
f 250 	248 	269
f 1086 	267 	240
f 267 	272 	243
f 266 	269 	248
f 269 	273 	250
f 265 	271 	247
f 271 	274 	252
f 269 	284 	273
f 243 	272 	246
f 254 	295 	258
f 254 	294 	295
f 253 	273 	81
f 252 	274 	256
f 258 	279 	262
f 263 	382 	434
f 276 	266 	341
f 268 	264 	744
f 276 	280 	266
f 262 	281 	220
f 277 	298 	278
f 264 	742 	744
f 262 	279 	281
f 208 	212 	260
f 51 	54 	267
f 281 	238 	220
f 268 	565 	65
f 265 	214 	271
f 212 	214 	265
f 280 	269 	266
f 310 	1095 	279
f 280 	284 	269
f 217 	274 	271
f 214 	217 	271
f 311 	313 	280
f 281 	1096 	238
f 280 	313 	284
f 282 	296 	285
f 88 	81 	273
f 238 	1096 	1097
f 88 	273 	284
f 246 	287 	249
f 218 	289 	290
f 272 	287 	246
f 77 	289 	218
f 327 	285 	293
f 287 	292 	249
f 289 	297 	290
f 285 	296 	305
f 285 	305 	293
f 288 	300 	294
f 290 	216 	218
f 276 	311 	280
f 289 	77 	256
f 295 	279 	258
f 267 	54 	272
f 289 	299 	297
f 88 	284 	171
f 277 	301 	298
f 287 	272 	302
f 284 	313 	171
f 278 	303 	283
f 54 	302 	272
f 256 	274 	299
f 298 	303 	278
f 294 	300 	306
f 296 	264 	268
f 303 	307 	283
f 296 	268 	305
f 299 	289 	256
f 304 	308 	275
f 294 	306 	295
f 176 	293 	305
f 295 	310 	279
f 295 	306 	310
f 283 	307 	286
f 275 	308 	276
f 307 	248 	286
f 303 	341 	307
f 341 	266 	307
f 308 	311 	276
f 248 	307 	266
f 305 	65 	176
f 286 	248 	241
f 268 	65 	305
f 309 	299 	274
f 169 	192 	301
f 363 	312 	314
f 274 	217 	309
f 306 	1102 	310
f 312 	330 	314
f 169 	301 	277
f 316 	71 	68
f 68 	315 	316
f 301 	334 	298
f 316 	319 	71
f 334 	338 	298
f 292 	302 	321
f 322 	110 	318
f 159 	123 	291
f 298 	338 	303
f 904 	337 	318
f 292 	287 	302
f 221 	323 	225
f 123 	64 	291
f 324 	292 	321
f 75 	71 	319
f 320 	323 	221
f 75 	319 	219
f 64 	66 	291
f 321 	179 	324
f 303 	338 	341
f 356 	327 	315
f 290 	326 	320
f 66 	68 	291
f 111 	322 	325
f 311 	344 	313
f 292 	324 	312
f 328 	115 	113
f 71 	291 	68
f 297 	326 	290
f 316 	315 	329
f 326 	331 	320
f 113 	325 	328
f 75 	291 	71
f 315 	327 	329
f 301 	333 	334
f 115 	328 	131
f 324 	330 	312
f 76 	291 	75
f 230 	316 	329
f 333 	301 	192
f 320 	331 	323
f 960 	314 	330
f 698 	291 	76
f 329 	162 	230
f 331 	335 	323
f 329 	293 	162
f 332 	336 	304
f 700 	291 	698
f 319 	316 	230
f 332 	352 	336
f 319 	230 	234
f 304 	336 	308
f 349 	334 	333
f 960 	317 	314
f 318 	339 	322
f 340 	311 	308
f 337 	339 	318
f 336 	340 	308
f 322 	339 	342
f 311 	340 	344
f 293 	329 	327
f 726 	727 	291
f 54 	168 	302
f 168 	173 	302
f 322 	342 	325
f 325 	342 	346
f 321 	302 	173
f 210 	207 	348
f 325 	346 	328
f 123 	345 	351
f 179 	321 	173
f 146 	131 	328
f 343 	348 	207
f 333 	354 	349
f 178 	210 	348
f 328 	346 	146
f 349 	355 	334
f 352 	332 	347
f 352 	357 	336
f 64 	356 	66
f 337 	372 	339
f 727 	728 	291
f 64 	351 	356
f 337 	370 	372
f 334 	355 	338
f 356 	315 	66
f 728 	729 	291
f 339 	376 	342
f 355 	275 	338
f 350 	358 	359
f 200 	249 	360
f 336 	357 	340
f 729 	730 	291
f 345 	656 	423
f 339 	372 	376
f 340 	361 	344
f 358 	373 	379
f 360 	208 	200
f 345 	362 	351
f 730 	788 	291
f 358 	379 	359
f 350 	359 	353
f 357 	361 	340
f 363 	208 	360
f 788 	791 	291
f 338 	275 	341
f 362 	345 	423
f 353 	359 	747
f 351 	362 	364
f 791 	792 	291
f 378 	196 	346
f 275 	276 	341
f 346 	196 	146
f 235 	263 	354
f 363 	212 	208
f 792 	794 	291
f 351 	364 	356
f 794 	795 	291
f 212 	366 	214
f 333 	235 	354
f 327 	356 	364
f 363 	366 	212
f 795 	798 	291
f 364 	362 	282
f 347 	813 	352
f 798 	817 	291
f 817 	818 	291
f 364 	282 	285
f 210 	178 	211
f 370 	337 	365
f 365 	367 	370
f 285 	327 	364
f 371 	270 	140
f 140 	160 	371
f 304 	275 	355
f 360 	249 	292
f 270 	375 	343
f 360 	312 	363
f 371 	375 	270
f 378 	346 	342
f 292 	312 	360
f 375 	182 	343
f 342 	376 	378
f 261 	257 	381
f 495 	182 	375
f 366 	363 	314
f 377 	381 	257
f 366 	317 	368
f 182 	348 	343
f 381 	382 	261
f 314 	317 	366
f 171 	313 	383
f 383 	313 	344
f 182 	187 	348
f 203 	171 	383
f 374 	427 	385
f 213 	344 	361
f 261 	382 	263
f 369 	388 	373
f 213 	383 	344
f 374 	387 	380
f 369 	384 	388
f 371 	529 	375
f 383 	215 	203
f 372 	400 	376
f 383 	213 	215
f 373 	389 	379
f 374 	385 	387
f 380 	387 	391
f 402 	378 	376
f 373 	388 	389
f 379 	389 	394
f 818 	820 	291
f 820 	822 	291
f 380 	391 	282
f 403 	405 	377
f 391 	296 	282
f 822 	552 	291
f 395 	141 	393
f 377 	405 	381
f 986 	398 	385
f 552 	553 	291
f 399 	143 	395
f 400 	372 	396
f 409 	382 	381
f 385 	398 	255
f 291 	541 	542
f 395 	414 	399
f 377 	14 	403
f 291 	542 	544
f 399 	147 	143
f 388 	519 	389
f 385 	255 	387
f 147 	399 	733
f 544 	545 	291
f 376 	400 	402
f 83 	403 	14
f 387 	255 	259
f 378 	402 	251
f 291 	545 	608
f 391 	387 	259
f 402 	400 	424
f 608 	609 	291
f 391 	259 	264
f 288 	251 	402
f 391 	264 	296
f 251 	196 	378
f 381 	405 	409
f 291 	610 	573
f 395 	393 	410
f 393 	408 	410
f 414 	395 	410
f 407 	433 	411
f 83 	415 	403
f 405 	403 	417
f 415 	417 	403
f 753 	399 	414
f 405 	419 	409
f 413 	427 	418
f 417 	419 	405
f 420 	149 	392
f 408 	429 	410
f 996 	421 	350
f 424 	400 	422
f 412 	425 	413
f 288 	402 	424
f 358 	350 	421
f 427 	413 	425
f 415 	29 	417
f 429 	408 	426
f 423 	418 	374
f 451 	428 	422
f 422 	428 	430
f 410 	431 	414
f 418 	427 	374
f 291 	553 	541
f 354 	432 	349
f 410 	429 	431
f 423 	374 	380
f 432 	354 	434
f 423 	380 	362
f 411 	436 	416
f 380 	282 	362
f 424 	422 	430
f 349 	435 	355
f 411 	433 	436
f 288 	424 	437
f 424 	430 	437
f 435 	349 	432
f 421 	416 	438
f 300 	288 	437
f 435 	304 	355
f 438 	416 	436
f 435 	332 	304
f 358 	421 	438
f 373 	358 	438
f 397 	401 	428
f 428 	401 	430
f 439 	440 	486
f 263 	434 	354
f 434 	441 	443
f 430 	404 	437
f 430 	401 	404
f 153 	420 	444
f 406 	300 	437
f 437 	404 	406
f 434 	443 	432
f 438 	436 	369
f 435 	432 	448
f 153 	444 	160
f 443 	448 	432
f 373 	438 	369
f 450 	436 	433
f 496 	447 	451
f 444 	528 	160
f 448 	332 	435
f 445 	454 	457
f 447 	466 	451
f 382 	441 	434
f 436 	450 	369
f 382 	409 	441
f 451 	396 	496
f 422 	400 	396
f 40 	579 	439
f 441 	455 	443
f 420 	392 	456
f 422 	396 	451
f 581 	440 	439
f 392 	453 	456
f 459 	455 	441
f 420 	456 	462
f 455 	460 	443
f 483 	458 	450
f 440 	582 	446
f 450 	458 	384
f 420 	462 	444
f 443 	460 	448
f 450 	384 	369
f 460 	347 	448
f 454 	743 	457
f 461 	463 	386
f 454 	741 	743
f 464 	390 	466
f 453 	465 	467
f 466 	447 	464
f 448 	347 	332
f 409 	419 	459
f 451 	466 	428
f 453 	467 	456
f 459 	441 	409
f 470 	215 	213
f 1028 	468 	474
f 456 	472 	462
f 459 	118 	119
f 456 	467 	472
f 470 	213 	442
f 475 	599 	471
f 884 	463 	461
f 1028 	474 	407
f 472 	546 	462
f 215 	470 	477
f 386 	464 	461
f 471 	491 	475
f 119 	455 	459
f 474 	433 	407
f 119 	135 	455
f 460 	455 	135
f 464 	386 	390
f 477 	222 	215
f 222 	477 	481
f 468 	480 	474
f 468 	478 	480
f 982 	465 	935
f 474 	480 	483
f 419 	118 	459
f 390 	397 	466
f 397 	428 	466
f 481 	226 	222
f 985 	467 	465
f 474 	483 	433
f 11 	486 	469
f 393 	226 	481
f 483 	450 	433
f 469 	486 	471
f 442 	445 	489
f 467 	985 	987
f 489 	470 	442
f 491 	471 	486
f 367 	488 	496
f 494 	477 	470
f 478 	490 	497
f 470 	489 	494
f 496 	370 	367
f 477 	494 	500
f 396 	372 	370
f 495 	498 	182
f 499 	463 	884
f 497 	480 	478
f 396 	370 	496
f 11 	40 	439
f 480 	501 	483
f 498 	495 	504
f 477 	500 	481
f 504 	732 	498
f 439 	486 	11
f 480 	497 	501
f 481 	500 	408
f 483 	501 	458
f 491 	486 	440
f 502 	495 	529
f 440 	446 	491
f 481 	408 	393
f 502 	504 	495
f 445 	457 	489
f 506 	489 	457
f 1087 	588 	490
f 489 	506 	494
f 503 	520 	507
f 509 	500 	494
f 516 	504 	502
f 509 	494 	506
f 509 	426 	500
f 291 	609 	610
f 538 	512 	502
f 291 	573 	575
f 515 	388 	384
f 426 	408 	500
f 502 	512 	516
f 576 	291 	575
f 514 	515 	384
f 491 	518 	475
f 519 	388 	515
f 516 	745 	504
f 475 	518 	505
f 509 	670 	426
f 505 	521 	508
f 389 	522 	394
f 389 	519 	522
f 520 	503 	517
f 518 	521 	505
f 521 	523 	508
f 507 	520 	524
f 593 	598 	487
f 507 	524 	488
f 487 	598 	492
f 508 	523 	510
f 496 	488 	447
f 488 	524 	447
f 534 	510 	523
f 528 	371 	160
f 519 	543 	522
f 491 	446 	518
f 152 	155 	291
f 528 	529 	371
f 518 	449 	521
f 446 	449 	518
f 156 	291 	155
f 533 	538 	528
f 511 	878 	517
f 528 	538 	529
f 521 	452 	523
f 156 	157 	291
f 449 	452 	521
f 517 	884 	520
f 517 	878 	884
f 291 	157 	158
f 495 	375 	529
f 532 	515 	514
f 291 	158 	159
f 461 	524 	884
f 520 	884 	524
f 444 	533 	528
f 510 	534 	513
f 526 	531 	535
f 524 	461 	464
f 514 	530 	532
f 532 	536 	515
f 524 	464 	447
f 444 	462 	533
f 513 	534 	539
f 515 	536 	519
f 526 	535 	527
f 543 	519 	536
f 841 	513 	539
f 538 	502 	529
f 530 	623 	547
f 533 	462 	546
f 533 	550 	538
f 530 	547 	551
f 546 	550 	533
f 550 	512 	538
f 523 	555 	534
f 551 	532 	530
f 556 	536 	532
f 523 	452 	555
f 1009 	554 	484
f 539 	534 	557
f 556 	532 	551
f 558 	537 	178
f 536 	556 	560
f 1015 	546 	472
f 555 	557 	534
f 178 	187 	558
f 557 	561 	539
f 558 	562 	537
f 546 	1017 	550
f 1015 	1017 	546
f 536 	560 	543
f 557 	673 	561
f 559 	571 	563
f 569 	571 	559
f 537 	562 	540
f 539 	561 	549
f 565 	268 	744
f 561 	564 	549
f 544 	805 	545
f 540 	566 	548
f 566 	540 	562
f 877 	549 	564
f 563 	572 	567
f 568 	65 	565
f 552 	777 	553
f 563 	571 	572
f 583 	565 	744
f 547 	659 	551
f 553 	765 	541
f 777 	765 	553
f 187 	715 	558
f 73 	570 	574
f 557 	555 	646
f 558 	718 	562
f 570 	596 	574
f 567 	572 	531
f 291 	576 	577
f 73 	574 	104
f 577 	578 	291
f 291 	578 	580
f 121 	104 	574
f 291 	580 	151
f 567 	531 	526
f 602 	514 	458
f 152 	291 	151
f 579 	581 	439
f 530 	514 	602
f 610 	713 	573
f 384 	458 	514
f 573 	717 	575
f 573 	713 	717
f 582 	440 	581
f 565 	584 	568
f 572 	571 	633
f 582 	586 	446
f 565 	583 	584
f 582 	607 	586
f 568 	584 	589
f 604 	607 	582
f 446 	586 	449
f 1087 	127 	588
f 490 	588 	591
f 568 	589 	570
f 484 	593 	487
f 596 	570 	589
f 554 	593 	484
f 591 	497 	490
f 497 	591 	597
f 535 	594 	600
f 678 	595 	599
f 593 	655 	598
f 574 	126 	121
f 594 	897 	600
f 595 	471 	599
f 211 	601 	579
f 594 	606 	897
f 469 	471 	595
f 574 	596 	126
f 597 	501 	497
f 211 	537 	601
f 458 	501 	602
f 603 	585 	682
f 579 	601 	581
f 602 	501 	597
f 601 	604 	581
f 682 	599 	603
f 601 	540 	604
f 583 	613 	625
f 127 	611 	588
f 581 	604 	582
f 583 	625 	584
f 590 	605 	606
f 124 	144 	592
f 144 	469 	592
f 621 	593 	554
f 590 	606 	594
f 591 	612 	617
f 607 	652 	586
f 592 	469 	595
f 591 	617 	597
f 593 	621 	655
f 597 	623 	602
f 211 	178 	537
f 597 	617 	623
f 623 	530 	602
f 601 	537 	540
f 475 	603 	599
f 540 	548 	604
f 587 	485 	482
f 544 	802 	805
f 475 	505 	603
f 596 	134 	126
f 587 	493 	485
f 604 	548 	607
f 548 	615 	607
f 612 	591 	588
f 144 	11 	469
f 607 	615 	652
f 612 	588 	611
f 566 	619 	548
f 709 	610 	609
f 587 	390 	386
f 548 	619 	615
f 587 	397 	390
f 619 	624 	615
f 587 	401 	397
f 137 	147 	627
f 587 	404 	401
f 613 	642 	648
f 613 	648 	625
f 626 	614 	585
f 587 	406 	404
f 627 	611 	137
f 626 	585 	603
f 611 	627 	631
f 587 	1101 	406
f 630 	589 	584
f 626 	632 	614
f 584 	625 	630
f 505 	626 	603
f 634 	151 	629
f 508 	632 	626
f 505 	508 	626
f 611 	631 	612
f 589 	630 	129
f 651 	630 	625
f 614 	632 	620
f 612 	635 	617
f 449 	586 	636
f 129 	630 	149
f 632 	637 	620
f 630 	651 	149
f 587 	24 	1103
f 152 	151 	634
f 612 	631 	635
f 589 	129 	596
f 636 	452 	449
f 587 	1104 	24
f 617 	635 	638
f 639 	152 	634
f 452 	641 	555
f 587 	28 	1104
f 618 	640 	622
f 622 	644 	628
f 587 	1105 	28
f 617 	638 	623
f 636 	641 	452
f 622 	640 	644
f 641 	646 	555
f 587 	1106 	1105
f 645 	156 	155
f 623 	638 	547
f 628 	647 	633
f 587 	9 	1106
f 642 	830 	648
f 641 	658 	646
f 644 	647 	628
f 733 	627 	147
f 155 	639 	645
f 587 	87 	9
f 650 	156 	645
f 633 	647 	605
f 627 	738 	631
f 625 	648 	651
f 587 	93 	87
f 627 	733 	738
f 768 	649 	771
f 587 	95 	93
f 616 	621 	554
f 586 	652 	636
f 633 	605 	590
f 587 	98 	95
f 157 	653 	158
f 652 	654 	636
f 587 	101 	98
f 157 	650 	653
f 158 	653 	656
f 587 	106 	101
f 636 	654 	641
f 598 	655 	703
f 632 	510 	637
f 587 	165 	106
f 654 	658 	641
f 508 	510 	632
f 657 	547 	638
f 158 	656 	159
f 587 	168 	165
f 510 	513 	637
f 652 	685 	654
f 656 	345 	159
f 890 	605 	647
f 685 	688 	654
f 654 	688 	658
f 513 	643 	637
f 659 	547 	657
f 649 	643 	841
f 646 	660 	673
f 658 	660 	646
f 569 	622 	628
f 587 	759 	179
f 513 	841 	643
f 571 	569 	628
f 587 	764 	759
f 661 	556 	551
f 634 	680 	639
f 628 	633 	571
f 661 	551 	659
f 572 	633 	590
f 748 	750 	587
f 639 	683 	645
f 556 	661 	665
f 590 	531 	572
f 645 	683 	650
f 594 	535 	531
f 587 	752 	748
f 653 	650 	413
f 664 	721 	662
f 556 	665 	560
f 590 	594 	531
f 752 	587 	754
f 560 	665 	62
f 668 	663 	492
f 650 	412 	413
f 587 	825 	754
f 492 	598 	668
f 653 	413 	418
f 664 	124 	667
f 684 	666 	663
f 825 	587 	827
f 653 	418 	656
f 668 	684 	663
f 418 	423 	656
f 671 	429 	426
f 557 	646 	673
f 657 	669 	674
f 697 	1052 	629
f 703 	668 	598
f 426 	670 	671
f 669 	719 	692
f 675 	564 	561
f 676 	429 	671
f 669 	692 	674
f 561 	673 	675
f 672 	678 	727
f 657 	674 	659
f 659 	674 	679
f 676 	431 	429
f 675 	836 	564
f 431 	676 	525
f 659 	679 	661
f 665 	661 	78
f 677 	691 	681
f 634 	1055 	680
f 687 	691 	677
f 683 	639 	680
f 673 	840 	675
f 661 	679 	78
f 665 	78 	82
f 585 	729 	682
f 665 	82 	62
f 412 	650 	683
f 670 	563 	567
f 567 	671 	670
f 730 	585 	614
f 676 	671 	526
f 567 	526 	671
f 676 	527 	525
f 676 	526 	527
f 615 	685 	652
f 120 	664 	662
f 684 	687 	666
f 674 	695 	679
f 683 	1013 	412
f 205 	120 	662
f 764 	587 	750
f 664 	120 	124
f 78 	679 	110
f 687 	677 	666
f 658 	690 	660
f 124 	592 	667
f 672 	667 	592
f 688 	690 	658
f 672 	595 	678
f 690 	854 	660
f 592 	595 	672
f 693 	577 	576
f 173 	168 	587
f 696 	578 	577
f 695 	674 	692
f 599 	682 	678
f 587 	179 	173
f 696 	577 	693
f 679 	695 	110
f 668 	706 	684
f 697 	580 	578
f 685 	615 	624
f 684 	708 	687
f 685 	699 	688
f 697 	578 	696
f 580 	697 	629
f 699 	685 	624
f 699 	701 	688
f 75 	219 	76
f 692 	904 	695
f 580 	629 	151
f 695 	318 	110
f 688 	701 	690
f 224 	698 	76
f 701 	865 	690
f 703 	706 	668
f 698 	228 	700
f 812 	701 	699
f 698 	224 	228
f 704 	657 	638
f 707 	704 	740
f 228 	662 	700
f 690 	865 	854
f 228 	202 	662
f 704 	669 	657
f 700 	662 	721
f 706 	708 	684
f 704 	707 	669
f 885 	705 	710
f 708 	711 	687
f 809 	812 	699
f 709 	713 	610
f 664 	667 	724
f 187 	498 	715
f 885 	710 	702
f 587 	857 	827
f 687 	711 	691
f 710 	716 	702
f 782 	857 	587
f 718 	558 	715
f 782 	587 	786
f 707 	719 	669
f 707 	714 	719
f 721 	291 	700
f 722 	710 	705
f 944 	706 	703
f 562 	723 	566
f 717 	725 	575
f 721 	724 	291
f 718 	723 	562
f 724 	726 	291
f 720 	722 	705
f 710 	722 	686
f 576 	575 	725
f 725 	693 	576
f 715 	498 	732
f 734 	718 	715
f 716 	710 	686
f 713 	709 	871
f 392 	149 	651
f 734 	739 	718
f 587 	476 	473
f 686 	689 	716
f 871 	735 	713
f 718 	739 	723
f 121 	109 	104
f 479 	476 	587
f 664 	724 	721
f 717 	737 	725
f 731 	255 	398
f 902 	692 	719
f 587 	482 	479
f 724 	667 	726
f 1003 	722 	720
f 717 	713 	735
f 726 	672 	727
f 667 	672 	726
f 715 	732 	734
f 587 	499 	493
f 737 	717 	735
f 678 	728 	727
f 740 	635 	631
f 587 	463 	499
f 725 	737 	1071
f 734 	755 	739
f 1076 	737 	735
f 728 	682 	729
f 631 	738 	740
f 737 	1077 	1071
f 678 	682 	728
f 463 	587 	386
f 729 	585 	730
f 725 	1071 	693
f 740 	704 	635
f 745 	732 	504
f 693 	1072 	696
f 457 	743 	746
f 353 	747 	731
f 745 	749 	732
f 697 	696 	1074
f 730 	614 	788
f 751 	736 	731
f 638 	635 	704
f 399 	753 	733
f 732 	749 	734
f 731 	747 	751
f 506 	457 	746
f 697 	1074 	1052
f 736 	751 	756
f 614 	620 	788
f 506 	746 	758
f 733 	757 	738
f 871 	53 	735
f 749 	755 	734
f 324 	179 	759
f 733 	753 	757
f 736 	756 	742
f 791 	620 	760
f 620 	637 	760
f 742 	756 	761
f 738 	757 	762
f 759 	330 	324
f 702 	716 	741
f 541 	765 	766
f 742 	761 	744
f 767 	741 	716
f 740 	738 	762
f 689 	767 	716
f 745 	516 	484
f 765 	780 	781
f 516 	1009 	484
f 741 	767 	743
f 762 	707 	740
f 743 	767 	770
f 763 	768 	794
f 745 	487 	749
f 542 	541 	766
f 769 	753 	414
f 745 	484 	487
f 487 	492 	749
f 766 	802 	542
f 743 	770 	746
f 414 	431 	769
f 758 	746 	559
f 753 	769 	772
f 492 	755 	749
f 492 	663 	755
f 770 	559 	746
f 772 	757 	753
f 797 	755 	663
f 1036 	775 	616
f 542 	802 	544
f 758 	559 	563
f 762 	757 	712
f 774 	775 	1036
f 758 	563 	670
f 776 	619 	566
f 566 	723 	776
f 772 	712 	757
f 767 	694 	770
f 762 	712 	714
f 776 	779 	619
f 689 	694 	767
f 762 	714 	707
f 770 	569 	559
f 776 	785 	779
f 431 	525 	769
f 744 	761 	583
f 569 	770 	694
f 619 	779 	624
f 622 	569 	694
f 760 	643 	763
f 637 	643 	760
f 779 	809 	624
f 780 	834 	781
f 643 	649 	763
f 780 	835 	834
f 747 	796 	751
f 649 	768 	763
f 751 	801 	756
f 838 	771 	649
f 720 	1000 	1003
f 624 	809 	699
f 766 	765 	781
f 1003 	783 	722
f 784 	776 	723
f 723 	739 	784
f 722 	783 	686
f 783 	787 	686
f 761 	803 	613
f 761 	613 	583
f 784 	785 	776
f 777 	780 	765
f 785 	814 	779
f 926 	780 	777
f 747 	359 	789
f 686 	787 	689
f 787 	618 	689
f 789 	359 	379
f 747 	789 	796
f 739 	755 	797
f 394 	789 	379
f 618 	694 	689
f 797 	784 	739
f 797 	800 	784
f 622 	694 	618
f 797 	666 	800
f 801 	751 	796
f 784 	800 	785
f 761 	756 	803
f 803 	756 	801
f 802 	819 	805
f 788 	620 	791
f 789 	806 	796
f 816 	819 	802
f 797 	663 	666
f 806 	789 	394
f 791 	760 	792
f 758 	509 	506
f 792 	763 	794
f 545 	807 	608
f 796 	808 	801
f 666 	677 	800
f 758 	670 	509
f 760 	763 	792
f 806 	808 	796
f 810 	347 	460
f 805 	807 	545
f 801 	808 	811
f 768 	795 	794
f 460 	135 	810
f 807 	858 	608
f 807 	863 	858
f 866 	858 	863
f 768 	771 	795
f 786 	587 	790
f 608 	858 	609
f 795 	771 	798
f 801 	811 	803
f 810 	813 	347
f 803 	642 	613
f 793 	790 	587
f 813 	815 	352
f 781 	816 	766
f 809 	779 	814
f 803 	811 	642
f 812 	809 	42
f 813 	831 	815
f 587 	799 	793
f 829 	831 	813
f 816 	802 	766
f 799 	587 	804
f 352 	815 	357
f 42 	809 	814
f 361 	357 	821
f 42 	55 	812
f 587 	473 	804
f 819 	863 	805
f 815 	821 	357
f 785 	823 	814
f 806 	947 	808
f 442 	361 	821
f 800 	823 	785
f 823 	824 	814
f 821 	833 	445
f 798 	773 	817
f 805 	863 	807
f 442 	821 	445
f 825 	978 	754
f 798 	771 	773
f 442 	213 	361
f 773 	889 	817
f 42 	814 	824
f 824 	90 	42
f 889 	818 	817
f 135 	198 	810
f 800 	677 	823
f 778 	828 	774
f 198 	829 	810
f 874 	828 	778
f 813 	810 	829
f 816 	894 	819
f 677 	681 	823
f 872 	874 	778
f 830 	642 	826
f 824 	823 	681
f 774 	828 	775
f 824 	1021 	90
f 648 	830 	832
f 821 	815 	833
f 851 	830 	826
f 681 	1021 	824
f 837 	816 	781
f 831 	833 	815
f 648 	832 	651
f 781 	834 	837
f 651 	832 	392
f 887 	836 	161
f 837 	894 	816
f 453 	392 	832
f 673 	660 	840
f 675 	840 	842
f 649 	841 	844
f 621 	616 	843
f 675 	842 	836
f 845 	834 	835
f 842 	177 	836
f 775 	843 	616
f 843 	846 	621
f 649 	844 	838
f 831 	862 	833
f 860 	832 	830
f 845 	835 	948
f 843 	856 	846
f 838 	847 	839
f 845 	898 	834
f 853 	856 	843
f 836 	177 	161
f 832 	860 	453
f 844 	847 	838
f 660 	854 	840
f 621 	846 	655
f 847 	848 	839
f 837 	834 	898
f 842 	840 	855
f 850 	829 	198
f 225 	850 	198
f 826 	849 	851
f 850 	852 	829
f 828 	853 	775
f 26 	948 	835
f 948 	953 	845
f 775 	853 	843
f 539 	549 	841
f 859 	941 	846
f 855 	840 	854
f 856 	859 	846
f 830 	851 	860
f 855 	861 	842
f 829 	852 	831
f 709 	609 	858
f 970 	864 	849
f 842 	861 	177
f 852 	862 	831
f 880 	856 	853
f 849 	864 	867
f 910 	782 	786
f 833 	862 	454
f 702 	862 	852
f 709 	858 	868
f 841 	549 	844
f 854 	869 	855
f 833 	454 	445
f 865 	869 	854
f 866 	868 	858
f 855 	870 	861
f 844 	877 	847
f 709 	868 	871
f 847 	879 	848
f 869 	870 	855
f 870 	257 	861
f 879 	882 	848
f 885 	852 	850
f 885 	702 	852
f 873 	875 	899
f 844 	549 	877
f 861 	257 	229
f 853 	828 	876
f 862 	741 	454
f 874 	876 	828
f 862 	702 	741
f 4 	865 	701
f 819 	896 	863
f 876 	880 	853
f 847 	877 	879
f 819 	894 	896
f 865 	8 	869
f 225 	881 	850
f 2 	848 	882
f 4 	8 	865
f 8 	14 	869
f 323 	881 	225
f 863 	883 	866
f 881 	885 	850
f 869 	14 	870
f 257 	870 	377
f 877 	887 	879
f 886 	868 	866
f 14 	377 	870
f 880 	888 	856
f 564 	887 	877
f 701 	812 	4
f 875 	873 	485
f 883 	886 	866
f 812 	55 	4
f 323 	335 	881
f 50 	868 	886
f 881 	705 	885
f 928 	929 	882
f 856 	888 	859
f 875 	485 	493
f 335 	705 	881
f 929 	34 	882
f 875 	493 	878
f 836 	887 	564
f 868 	50 	871
f 878 	499 	884
f 878 	493 	499
f 871 	50 	53
f 773 	893 	889
f 839 	773 	771
f 771 	838 	839
f 79 	886 	883
f 473 	890 	923
f 923 	804 	473
f 886 	58 	50
f 893 	773 	839
f 891 	890 	476
f 839 	848 	893
f 890 	473 	476
f 886 	79 	58
f 892 	891 	479
f 891 	476 	479
f 892 	479 	482
f 903 	889 	895
f 893 	895 	889
f 892 	482 	873
f 482 	485 	873
f 895 	893 	2
f 924 	888 	880
f 896 	883 	863
f 848 	2 	893
f 600 	897 	899
f 2 	10 	895
f 900 	894 	837
f 605 	891 	606
f 898 	900 	837
f 890 	891 	605
f 903 	820 	818
f 900 	905 	894
f 891 	892 	606
f 904 	692 	902
f 606 	892 	897
f 318 	695 	904
f 897 	873 	899
f 889 	903 	818
f 873 	897 	892
f 511 	899 	875
f 903 	907 	820
f 894 	905 	896
f 878 	511 	875
f 903 	916 	907
f 905 	74 	896
f 906 	908 	872
f 904 	365 	337
f 820 	907 	822
f 822 	911 	552
f 907 	911 	822
f 872 	908 	874
f 911 	777 	552
f 913 	790 	915
f 874 	914 	876
f 896 	74 	883
f 719 	912 	902
f 74 	79 	883
f 908 	914 	874
f 934 	915 	918
f 919 	876 	914
f 895 	916 	903
f 898 	957 	900
f 916 	922 	907
f 644 	920 	923
f 880 	876 	919
f 920 	799 	804
f 907 	922 	911
f 920 	804 	923
f 644 	923 	647
f 911 	926 	777
f 912 	925 	902
f 922 	926 	911
f 84 	74 	905
f 924 	880 	919
f 912 	921 	925
f 909 	782 	910
f 857 	782 	909
f 10 	916 	895
f 924 	927 	888
f 902 	925 	365
f 910 	786 	913
f 928 	882 	879
f 916 	18 	922
f 913 	786 	790
f 887 	928 	879
f 916 	10 	18
f 793 	918 	915
f 18 	26 	922
f 902 	365 	904
f 915 	790 	793
f 793 	799 	918
f 920 	918 	799
f 922 	26 	926
f 930 	921 	917
f 26 	835 	926
f 926 	835 	780
f 931 	34 	929
f 949 	930 	917
f 163 	929 	928
f 921 	930 	933
f 934 	618 	787
f 929 	166 	931
f 932 	934 	787
f 38 	34 	931
f 849 	867 	851
f 934 	640 	618
f 851 	867 	935
f 913 	932 	910
f 932 	913 	915
f 931 	936 	38
f 1079 	914 	908
f 934 	932 	915
f 933 	925 	921
f 851 	935 	860
f 934 	918 	640
f 925 	933 	367
f 860 	465 	453
f 640 	918 	920
f 38 	936 	45
f 860 	935 	465
f 640 	920 	644
f 936 	954 	45
f 1082 	1084 	919
f 925 	367 	365
f 647 	923 	890
f 299 	309 	937
f 1084 	924 	919
f 937 	297 	299
f 937 	938 	297
f 928 	887 	161
f 938 	326 	297
f 939 	326 	938
f 938 	1023 	939
f 326 	939 	331
f 940 	331 	939
f 655 	846 	941
f 928 	161 	163
f 933 	488 	367
f 940 	335 	331
f 163 	166 	929
f 720 	705 	335
f 941 	703 	655
f 942 	806 	394
f 720 	335 	940
f 941 	944 	703
f 931 	169 	936
f 394 	522 	942
f 706 	945 	708
f 166 	169 	931
f 947 	806 	942
f 944 	945 	706
f 169 	277 	936
f 948 	26 	45
f 859 	959 	941
f 808 	947 	952
f 947 	970 	952
f 941 	959 	944
f 317 	958 	950
f 948 	954 	953
f 944 	963 	945
f 808 	952 	811
f 1001 	946 	943
f 959 	963 	944
f 955 	898 	845
f 826 	642 	811
f 953 	955 	845
f 950 	368 	317
f 946 	1004 	949
f 826 	811 	952
f 950 	956 	951
f 956 	950 	958
f 955 	957 	898
f 900 	961 	905
f 764 	960 	330
f 962 	772 	769
f 957 	961 	900
f 960 	958 	317
f 905 	961 	84
f 525 	962 	769
f 968 	947 	942
f 960 	750 	958
f 936 	277 	954
f 970 	947 	968
f 964 	712 	772
f 948 	45 	954
f 952 	849 	826
f 859 	888 	965
f 958 	748 	956
f 958 	750 	748
f 966 	522 	543
f 954 	277 	278
f 772 	962 	964
f 748 	752 	956
f 522 	966 	942
f 967 	712 	964
f 966 	968 	942
f 971 	966 	543
f 330 	759 	764
f 959 	859 	965
f 953 	954 	278
f 965 	969 	959
f 278 	283 	953
f 955 	953 	283
f 967 	714 	712
f 960 	764 	750
f 952 	970 	849
f 959 	969 	963
f 543 	560 	971
f 955 	286 	957
f 951 	977 	972
f 912 	714 	967
f 966 	973 	968
f 969 	974 	963
f 283 	286 	955
f 966 	971 	973
f 968 	973 	976
f 286 	241 	957
f 921 	912 	967
f 968 	976 	970
f 977 	951 	956
f 719 	714 	912
f 977 	978 	972
f 957 	241 	961
f 864 	970 	976
f 965 	240 	969
f 972 	978 	975
f 525 	527 	979
f 62 	971 	560
f 975 	980 	1005
f 978 	980 	975
f 971 	67 	973
f 971 	62 	67
f 752 	977 	956
f 979 	962 	525
f 973 	70 	976
f 973 	67 	70
f 977 	754 	978
f 964 	962 	981
f 398 	998 	353
f 752 	754 	977
f 962 	979 	981
f 967 	964 	917
f 353 	731 	398
f 978 	825 	980
f 945 	983 	708
f 982 	985 	465
f 982 	994 	985
f 825 	827 	980
f 964 	981 	917
f 708 	983 	711
f 472 	467 	987
f 967 	917 	921
f 309 	989 	990
f 983 	988 	711
f 986 	385 	427
f 527 	535 	943
f 989 	951 	990
f 995 	999 	983
f 983 	999 	988
f 990 	937 	309
f 990 	992 	937
f 19 	17 	993
f 989 	309 	217
f 943 	979 	527
f 19 	993 	982
f 989 	217 	368
f 979 	943 	946
f 994 	982 	993
f 989 	950 	951
f 997 	987 	985
f 979 	946 	981
f 983 	945 	995
f 997 	985 	994
f 951 	972 	990
f 917 	981 	949
f 997 	1018 	987
f 990 	972 	992
f 981 	946 	949
f 945 	963 	995
f 972 	975 	992
f 984 	998 	986
f 984 	996 	998
f 368 	950 	989
f 943 	535 	600
f 974 	995 	963
f 993 	52 	1002
f 398 	986 	998
f 993 	1002 	994
f 1001 	943 	600
f 1004 	946 	1001
f 991 	421 	996
f 997 	1027 	1029
f 949 	503 	930
f 421 	991 	416
f 999 	195 	988
f 1042 	1002 	52
f 949 	1004 	503
f 350 	998 	996
f 1006 	1008 	1000
f 503 	507 	930
f 995 	197 	999
f 550 	1007 	512
f 933 	930 	507
f 1007 	1009 	512
f 1006 	909 	1008
f 998 	350 	353
f 1000 	1008 	1003
f 512 	1009 	516
f 1011 	783 	1003
f 974 	197 	995
f 507 	488 	933
f 1008 	1011 	1003
f 197 	200 	999
f 1007 	1022 	1012
f 1011 	932 	783
f 999 	200 	195
f 899 	1001 	600
f 1007 	1012 	1009
f 932 	1011 	910
f 1012 	554 	1009
f 1001 	511 	1004
f 974 	246 	197
f 1013 	683 	1010
f 787 	783 	932
f 927 	965 	888
f 1001 	899 	511
f 1006 	1005 	1014
f 980 	1014 	1005
f 1004 	511 	517
f 1012 	616 	554
f 1014 	909 	1006
f 472 	987 	1015
f 965 	927 	240
f 1004 	517 	503
f 425 	412 	1013
f 969 	243 	974
f 1014 	857 	909
f 240 	243 	969
f 1017 	1007 	550
f 1011 	1008 	910
f 909 	910 	1008
f 974 	243 	246
f 987 	1018 	1015
f 1018 	1019 	1015
f 1063 	1016 	1020
f 980 	827 	1014
f 31 	25 	1037
f 1015 	1019 	1017
f 1017 	1022 	1007
f 827 	857 	1014
f 1019 	1022 	1017
f 938 	937 	992
f 992 	1023 	938
f 1025 	940 	939
f 1021 	1024 	90
f 1010 	1020 	1026
f 1023 	1025 	939
f 720 	940 	1000
f 1034 	1038 	1021
f 1025 	1000 	940
f 1027 	997 	994
f 1021 	1038 	1024
f 991 	1026 	1020
f 1002 	1027 	994
f 90 	1024 	102
f 1023 	992 	975
f 1010 	1026 	1013
f 975 	1005 	1023
f 407 	1094 	1028
f 102 	1030 	107
f 1023 	1005 	1025
f 1013 	1026 	984
f 1025 	1006 	1000
f 1018 	997 	1029
f 1005 	1006 	1025
f 1024 	1030 	102
f 1018 	1031 	1019
f 1032 	107 	1030
f 1029 	1031 	1018
f 107 	1032 	415
f 1031 	1033 	1019
f 996 	984 	1026
f 1021 	681 	1034
f 1032 	29 	415
f 425 	1013 	984
f 1019 	1033 	1022
f 1032 	22 	29
f 1012 	1022 	1036
f 425 	986 	427
f 417 	47 	419
f 1033 	1036 	1022
f 29 	47 	417
f 616 	1012 	1036
f 691 	1034 	681
f 425 	984 	986
f 118 	419 	47
f 1002 	1053 	1027
f 1037 	25 	1035
f 1016 	1046 	1020
f 1029 	1048 	1031
f 31 	1037 	1039
f 1048 	1029 	1056
f 1037 	1049 	1039
f 1038 	1040 	1024
f 1033 	774 	1036
f 46 	97 	1041
f 1026 	991 	996
f 1024 	1040 	1030
f 52 	142 	1042
f 46 	1041 	1035
f 1030 	21 	1032
f 1030 	1040 	21
f 1035 	1041 	1043
f 1045 	1016 	1092
f 1042 	1053 	1002
f 1044 	1034 	691
f 691 	711 	1044
f 1046 	1016 	1045
f 1044 	1047 	1034
f 1037 	1035 	1043
f 991 	1020 	1046
f 1044 	1051 	1047
f 1034 	1047 	1038
f 1048 	1050 	1031
f 1049 	1037 	1043
f 1040 	1038 	61
f 407 	1045 	1094
f 1067 	1070 	1048
f 1048 	1070 	1050
f 1047 	61 	1038
f 1033 	1031 	1050
f 1045 	407 	411
f 61 	63 	1040
f 1039 	468 	1028
f 1040 	63 	21
f 1033 	1050 	774
f 988 	1044 	711
f 1045 	411 	1046
f 468 	1039 	1049
f 774 	1050 	778
f 1046 	411 	416
f 988 	1051 	1044
f 244 	61 	1047
f 416 	991 	1046
f 244 	1047 	1051
f 1065 	1041 	97
f 195 	1051 	988
f 195 	260 	1051
f 778 	1050 	1070
f 1051 	260 	244
f 1042 	1059 	1053
f 629 	1052 	1055
f 1052 	1074 	1058
f 1027 	1056 	1029
f 1052 	1060 	1055
f 1053 	1056 	1027
f 1052 	1058 	1060
f 901 	231 	1057
f 1041 	1065 	1066
f 1055 	634 	629
f 142 	175 	1042
f 175 	1059 	1042
f 1054 	1057 	231
f 1057 	1061 	901
f 1053 	1062 	1056
f 901 	1061 	906
f 1053 	1059 	1062
f 1055 	1060 	1063
f 906 	1064 	908
f 1061 	1064 	906
f 680 	1055 	1063
f 1064 	1079 	908
f 1065 	97 	112
f 680 	1010 	683
f 1067 	1048 	1056
f 1043 	1041 	1066
f 1063 	1010 	680
f 175 	191 	1059
f 239 	1097 	1054
f 1098 	1054 	1097
f 1059 	191 	1073
f 1098 	1099 	1054
f 1059 	1073 	1062
f 1054 	1099 	1057
f 1058 	1089 	1092
f 1062 	1073 	1075
f 1058 	1092 	1060
f 1062 	1067 	1056
f 1043 	1066 	1068
f 1060 	1016 	1063
f 1060 	1092 	1016
f 1063 	1020 	1010
f 1067 	1078 	1070
f 1061 	1069 	1064
f 1067 	1075 	1078
f 1069 	1090 	1064
f 1043 	1068 	1049
f 1072 	693 	1071
f 191 	227 	1073
f 1074 	696 	1072
f 1049 	1068 	478
f 735 	53 	1076
f 1075 	1067 	1062
f 872 	778 	1070
f 1077 	737 	1076
f 1049 	478 	468
f 1071 	1077 	1080
f 1078 	872 	1070
f 1081 	1065 	112
f 914 	1079 	1082
f 1071 	1080 	1072
f 1072 	1080 	1083
f 1079 	1091 	1082
f 1090 	1091 	1079
f 1081 	112 	117
f 914 	1082 	919
f 1072 	1083 	1074
f 1065 	1081 	16
f 1058 	1074 	1083
f 227 	231 	1073
f 1085 	927 	924
f 231 	1075 	1073
f 1075 	231 	901
f 1075 	901 	1078
f 1066 	1065 	16
f 1084 	1085 	924
f 906 	872 	1078
f 906 	1078 	901
f 927 	1085 	1086
f 1088 	976 	70
f 1085 	48 	1086
f 1066 	1087 	1068
f 70 	5 	1088
f 7 	1083 	1080
f 1088 	864 	976
f 1083 	1089 	1058
f 927 	1086 	240
f 1089 	1083 	7
f 1088 	13 	864
f 1087 	1066 	16
f 1088 	12 	13
f 13 	867 	864
f 1079 	1064 	1090
f 1068 	1087 	490
f 867 	19 	935
f 16 	127 	1087
f 867 	13 	19
f 1089 	1094 	1092
f 1089 	1093 	1094
f 1084 	1082 	35
f 982 	935 	19
f 1093 	1089 	7
f 1091 	35 	1082
f 7 	31 	1093
f 490 	478 	1068
f 35 	43 	1084
f 1084 	43 	1085
f 1092 	1094 	1045
f 1085 	43 	48
f 1081 	117 	122
f 1039 	1093 	31
f 1093 	1039 	1028
f 267 	1086 	51
f 48 	51 	1086
f 1093 	1028 	1094
f 1081 	122 	125
f 1090 	1069 	87
f 1081 	125 	16
f 23 	1076 	60
f 60 	15 	23
f 93 	1091 	1090
f 1077 	1076 	23
f 87 	93 	1090
f 3 	1080 	1077
f 1091 	95 	35
f 3 	1077 	23
f 3 	7 	1080
f 1096 	281 	1095
f 1057 	1100 	1061
f 1057 	1099 	1100
f 1100 	1069 	1061
f 28 	1098 	1097
f 9 	1069 	1100
f 1069 	9 	87
f 281 	279 	1095
f 300 	1101 	306
f 406 	1101 	300
f 306 	1101 	1102
f 1096 	1104 	1097
f 587 	1102 	1101
f 1103 	1095 	310
f 310 	1102 	1103
f 1103 	24 	1095
f 1102 	587 	1103
f 1095 	24 	1096
f 24 	1104 	1096
f 1097 	1104 	28
f 1105 	1099 	1098
f 1098 	28 	1105
f 1105 	1106 	1099
f 1099 	1106 	1100
f 1106 	9 	1100
# 2208 faces

 #end of obj_0

